   70
HKPP1
HKPP2
HKPP3
HKPP4
HKPP5
HKPP6
HKPP7
HKPP8
HKPP9
HKPP10
HKPP11
HKPP12
HKPP13
HKPP14
HKPP15
HKPP16
HKPP17
HKPP18
HKPP19
HKPP20
HKPP21
HKPP22
HKPP23
HKPP24
HKPP25
HKPP26
HKPP27
HKPP28
HKPP29
HKPP30
HKPP31
HKPP32
HKPP33
HKPP34
HKPP35
HKPP36
HKPP37
HKPP38
HKPP39
HKPP40
HKPP41
HKPP42
HKPP43
HKPP44
HKPP45
HKPP46
HKPP47
HKPP48
HKPP49
HKPP50
HKPP51
HKPP52
HKPP53
HKPP54
HKPP55
HKPP56
HKPP57
HKPP58
HKPP59
HKPP60
HKPP61
HKPP62
HKPP63
HKPP64
HKPP65
HKPP66
HKPP67
HKPP68
HKPP69
HKPP70
   0.000000      0.1129350      0.1804800      0.2172450      0.2200000     -1.1000000E+35  0.1129350    
  0.1436603      0.1925062      0.2192623     -1.1000000E+35 -1.1000000E+35  0.1804800      0.2137912    
 -1.1000000E+35 -1.1000000E+35 -1.1000000E+35  0.2172450      0.2200000     -1.1000000E+35 -1.1000000E+35
 -1.1000000E+35  0.2200000     -1.1000000E+35 -1.1000000E+35 -1.1000000E+35 -1.1000000E+35  0.2200000    
 -1.1000000E+35 -1.1000000E+35 -1.1000000E+35 -1.1000000E+35 -1.1000000E+35 -1.1000000E+35 -1.1000000E+35
 -1.1000000E+35 -1.1000000E+35 -1.1000000E+35 -1.1000000E+35 -1.1000000E+35 -1.1000000E+35 -1.1000000E+35
 -1.1000000E+35 -1.1000000E+35 -1.1000000E+35 -1.1000000E+35 -1.1000000E+35 -1.1000000E+35 -1.1000000E+35
 -1.1000000E+35 -1.1000000E+35 -1.1000000E+35 -1.1000000E+35 -1.1000000E+35 -1.1000000E+35 -1.1000000E+35
 -1.1000000E+35 -1.1000000E+35 -1.1000000E+35 -1.1000000E+35 -1.1000000E+35 -1.1000000E+35 -1.1000000E+35
 -1.1000000E+35 -1.1000000E+35 -1.1000000E+35 -1.1000000E+35 -1.1000000E+35 -1.1000000E+35 -1.1000000E+35
  0.1129350       0.000000      0.1129350      0.1804800      0.2172450      0.2200000      0.1436603    
  0.1129350      0.1436603      0.1925062      0.2192623     -1.1000000E+35  0.1925062      0.1925062    
  0.2137912     -1.1000000E+35 -1.1000000E+35  0.2192623      0.2192623     -1.1000000E+35 -1.1000000E+35
 -1.1000000E+35  0.2200000     -1.1000000E+35 -1.1000000E+35 -1.1000000E+35 -1.1000000E+35 -1.1000000E+35
 -1.1000000E+35 -1.1000000E+35 -1.1000000E+35 -1.1000000E+35 -1.1000000E+35 -1.1000000E+35 -1.1000000E+35
 -1.1000000E+35 -1.1000000E+35 -1.1000000E+35 -1.1000000E+35 -1.1000000E+35 -1.1000000E+35 -1.1000000E+35
 -1.1000000E+35 -1.1000000E+35 -1.1000000E+35 -1.1000000E+35 -1.1000000E+35 -1.1000000E+35 -1.1000000E+35
 -1.1000000E+35 -1.1000000E+35 -1.1000000E+35 -1.1000000E+35 -1.1000000E+35 -1.1000000E+35 -1.1000000E+35
 -1.1000000E+35 -1.1000000E+35 -1.1000000E+35 -1.1000000E+35 -1.1000000E+35 -1.1000000E+35 -1.1000000E+35
 -1.1000000E+35 -1.1000000E+35 -1.1000000E+35 -1.1000000E+35 -1.1000000E+35 -1.1000000E+35 -1.1000000E+35
  0.1804800      0.1129350       0.000000      0.1129350      0.1804800      0.2172450      0.1925062    
  0.1436603      0.1129350      0.1436603      0.1925062      0.2192623      0.2137912      0.1804800    
  0.1925062      0.2137912      0.2200000      0.2200000      0.2172450      0.2192623     -1.1000000E+35
 -1.1000000E+35 -1.1000000E+35 -1.1000000E+35 -1.1000000E+35 -1.1000000E+35 -1.1000000E+35 -1.1000000E+35
 -1.1000000E+35 -1.1000000E+35 -1.1000000E+35 -1.1000000E+35 -1.1000000E+35 -1.1000000E+35 -1.1000000E+35
 -1.1000000E+35 -1.1000000E+35 -1.1000000E+35 -1.1000000E+35 -1.1000000E+35 -1.1000000E+35 -1.1000000E+35
 -1.1000000E+35 -1.1000000E+35 -1.1000000E+35 -1.1000000E+35 -1.1000000E+35 -1.1000000E+35 -1.1000000E+35
 -1.1000000E+35 -1.1000000E+35 -1.1000000E+35 -1.1000000E+35 -1.1000000E+35 -1.1000000E+35 -1.1000000E+35
 -1.1000000E+35 -1.1000000E+35 -1.1000000E+35 -1.1000000E+35 -1.1000000E+35 -1.1000000E+35 -1.1000000E+35
 -1.1000000E+35 -1.1000000E+35 -1.1000000E+35 -1.1000000E+35 -1.1000000E+35 -1.1000000E+35 -1.1000000E+35
  0.2172450      0.1804800      0.1129350       0.000000      0.1129350      0.1804800      0.2192623    
  0.1925062      0.1436603      0.1129350      0.1436603      0.1925062      0.2200000      0.1925062    
  0.1804800      0.1925062      0.2137912     -1.1000000E+35  0.2192623      0.2172450     -1.1000000E+35
  0.2200000     -1.1000000E+35 -1.1000000E+35 -1.1000000E+35 -1.1000000E+35 -1.1000000E+35 -1.1000000E+35
 -1.1000000E+35 -1.1000000E+35 -1.1000000E+35 -1.1000000E+35 -1.1000000E+35 -1.1000000E+35 -1.1000000E+35
 -1.1000000E+35 -1.1000000E+35 -1.1000000E+35 -1.1000000E+35 -1.1000000E+35 -1.1000000E+35 -1.1000000E+35
 -1.1000000E+35 -1.1000000E+35 -1.1000000E+35 -1.1000000E+35 -1.1000000E+35 -1.1000000E+35 -1.1000000E+35
 -1.1000000E+35 -1.1000000E+35 -1.1000000E+35 -1.1000000E+35 -1.1000000E+35 -1.1000000E+35 -1.1000000E+35
 -1.1000000E+35 -1.1000000E+35 -1.1000000E+35 -1.1000000E+35 -1.1000000E+35 -1.1000000E+35 -1.1000000E+35
 -1.1000000E+35 -1.1000000E+35 -1.1000000E+35 -1.1000000E+35 -1.1000000E+35 -1.1000000E+35 -1.1000000E+35
  0.2200000      0.2172450      0.1804800      0.1129350       0.000000      0.1129350     -1.1000000E+35
  0.2192623      0.1925062      0.1436603      0.1129350      0.1436603     -1.1000000E+35  0.2137912    
  0.1925062      0.1804800      0.1925062     -1.1000000E+35 -1.1000000E+35 -1.1000000E+35  0.2172450    
  0.2192623     -1.1000000E+35 -1.1000000E+35 -1.1000000E+35 -1.1000000E+35 -1.1000000E+35 -1.1000000E+35
 -1.1000000E+35 -1.1000000E+35 -1.1000000E+35 -1.1000000E+35 -1.1000000E+35 -1.1000000E+35 -1.1000000E+35
 -1.1000000E+35 -1.1000000E+35 -1.1000000E+35 -1.1000000E+35 -1.1000000E+35 -1.1000000E+35 -1.1000000E+35
 -1.1000000E+35 -1.1000000E+35 -1.1000000E+35 -1.1000000E+35 -1.1000000E+35 -1.1000000E+35 -1.1000000E+35
 -1.1000000E+35 -1.1000000E+35 -1.1000000E+35 -1.1000000E+35 -1.1000000E+35 -1.1000000E+35 -1.1000000E+35
 -1.1000000E+35 -1.1000000E+35 -1.1000000E+35 -1.1000000E+35 -1.1000000E+35 -1.1000000E+35 -1.1000000E+35
 -1.1000000E+35 -1.1000000E+35 -1.1000000E+35 -1.1000000E+35 -1.1000000E+35 -1.1000000E+35 -1.1000000E+35
 -1.1000000E+35  0.2200000      0.2172450      0.1804800      0.1129350       0.000000     -1.1000000E+35
 -1.1000000E+35  0.2192623      0.1925062      0.1436603      0.1129350     -1.1000000E+35 -1.1000000E+35
  0.2137912      0.1925062      0.1804800     -1.1000000E+35 -1.1000000E+35 -1.1000000E+35  0.2192623    
  0.2172450     -1.1000000E+35 -1.1000000E+35 -1.1000000E+35 -1.1000000E+35  0.2200000     -1.1000000E+35
 -1.1000000E+35 -1.1000000E+35 -1.1000000E+35 -1.1000000E+35 -1.1000000E+35 -1.1000000E+35 -1.1000000E+35
 -1.1000000E+35 -1.1000000E+35 -1.1000000E+35 -1.1000000E+35 -1.1000000E+35 -1.1000000E+35 -1.1000000E+35
 -1.1000000E+35 -1.1000000E+35 -1.1000000E+35 -1.1000000E+35 -1.1000000E+35 -1.1000000E+35 -1.1000000E+35
 -1.1000000E+35 -1.1000000E+35 -1.1000000E+35 -1.1000000E+35 -1.1000000E+35 -1.1000000E+35 -1.1000000E+35
 -1.1000000E+35 -1.1000000E+35 -1.1000000E+35 -1.1000000E+35 -1.1000000E+35 -1.1000000E+35 -1.1000000E+35
 -1.1000000E+35 -1.1000000E+35 -1.1000000E+35 -1.1000000E+35 -1.1000000E+35 -1.1000000E+35 -1.1000000E+35
  0.1129350      0.1436603      0.1925062      0.2192623     -1.1000000E+35 -1.1000000E+35   0.000000    
  0.1129350      0.1804800      0.2172450     -1.1000000E+35 -1.1000000E+35  0.1129350      0.1925062    
  0.2192623     -1.1000000E+35 -1.1000000E+35  0.1804800      0.2137912     -1.1000000E+35 -1.1000000E+35
 -1.1000000E+35  0.2172450      0.2200000     -1.1000000E+35 -1.1000000E+35 -1.1000000E+35  0.2200000    
 -1.1000000E+35 -1.1000000E+35 -1.1000000E+35 -1.1000000E+35  0.2200000     -1.1000000E+35 -1.1000000E+35
 -1.1000000E+35 -1.1000000E+35 -1.1000000E+35 -1.1000000E+35 -1.1000000E+35 -1.1000000E+35 -1.1000000E+35
 -1.1000000E+35 -1.1000000E+35 -1.1000000E+35 -1.1000000E+35 -1.1000000E+35 -1.1000000E+35 -1.1000000E+35
 -1.1000000E+35 -1.1000000E+35 -1.1000000E+35 -1.1000000E+35 -1.1000000E+35 -1.1000000E+35 -1.1000000E+35
 -1.1000000E+35 -1.1000000E+35 -1.1000000E+35 -1.1000000E+35 -1.1000000E+35 -1.1000000E+35 -1.1000000E+35
 -1.1000000E+35 -1.1000000E+35 -1.1000000E+35 -1.1000000E+35 -1.1000000E+35 -1.1000000E+35 -1.1000000E+35
  0.1436603      0.1129350      0.1436603      0.1925062      0.2192623     -1.1000000E+35  0.1129350    
   0.000000      0.1129350      0.1804800      0.2172450     -1.1000000E+35  0.1436603      0.1436603    
  0.1925062      0.2192623     -1.1000000E+35  0.1925062      0.1925062      0.2137912     -1.1000000E+35
 -1.1000000E+35  0.2192623      0.2192623      0.2200000     -1.1000000E+35 -1.1000000E+35  0.2200000    
 -1.1000000E+35 -1.1000000E+35 -1.1000000E+35 -1.1000000E+35 -1.1000000E+35 -1.1000000E+35 -1.1000000E+35
 -1.1000000E+35 -1.1000000E+35 -1.1000000E+35 -1.1000000E+35 -1.1000000E+35 -1.1000000E+35 -1.1000000E+35
 -1.1000000E+35 -1.1000000E+35 -1.1000000E+35 -1.1000000E+35 -1.1000000E+35 -1.1000000E+35 -1.1000000E+35
 -1.1000000E+35 -1.1000000E+35 -1.1000000E+35 -1.1000000E+35 -1.1000000E+35 -1.1000000E+35 -1.1000000E+35
 -1.1000000E+35 -1.1000000E+35 -1.1000000E+35 -1.1000000E+35 -1.1000000E+35 -1.1000000E+35 -1.1000000E+35
 -1.1000000E+35 -1.1000000E+35 -1.1000000E+35 -1.1000000E+35 -1.1000000E+35 -1.1000000E+35 -1.1000000E+35
  0.1925062      0.1436603      0.1129350      0.1436603      0.1925062      0.2192623      0.1804800    
  0.1129350       0.000000      0.1129350      0.1804800      0.2172450      0.1925062      0.1129350    
  0.1436603      0.1925062     -1.1000000E+35  0.2137912      0.1804800      0.1925062      0.2137912    
 -1.1000000E+35  0.2200000      0.2172450      0.2192623     -1.1000000E+35 -1.1000000E+35 -1.1000000E+35
  0.2200000     -1.1000000E+35 -1.1000000E+35 -1.1000000E+35 -1.1000000E+35 -1.1000000E+35 -1.1000000E+35
 -1.1000000E+35 -1.1000000E+35 -1.1000000E+35 -1.1000000E+35 -1.1000000E+35 -1.1000000E+35 -1.1000000E+35
 -1.1000000E+35 -1.1000000E+35 -1.1000000E+35 -1.1000000E+35 -1.1000000E+35 -1.1000000E+35 -1.1000000E+35
 -1.1000000E+35 -1.1000000E+35 -1.1000000E+35 -1.1000000E+35 -1.1000000E+35 -1.1000000E+35 -1.1000000E+35
 -1.1000000E+35 -1.1000000E+35 -1.1000000E+35 -1.1000000E+35 -1.1000000E+35 -1.1000000E+35 -1.1000000E+35
 -1.1000000E+35 -1.1000000E+35 -1.1000000E+35 -1.1000000E+35 -1.1000000E+35 -1.1000000E+35 -1.1000000E+35
  0.2192623      0.1925062      0.1436603      0.1129350      0.1436603      0.1925062      0.2172450    
  0.1804800      0.1129350       0.000000      0.1129350      0.1804800      0.2192623      0.1436603    
  0.1129350      0.1436603      0.1925062     -1.1000000E+35  0.1925062      0.1804800      0.1925062    
  0.2137912     -1.1000000E+35  0.2192623      0.2172450     -1.1000000E+35 -1.1000000E+35 -1.1000000E+35
 -1.1000000E+35 -1.1000000E+35 -1.1000000E+35 -1.1000000E+35 -1.1000000E+35 -1.1000000E+35 -1.1000000E+35
 -1.1000000E+35 -1.1000000E+35 -1.1000000E+35 -1.1000000E+35 -1.1000000E+35 -1.1000000E+35 -1.1000000E+35
 -1.1000000E+35 -1.1000000E+35 -1.1000000E+35 -1.1000000E+35 -1.1000000E+35 -1.1000000E+35 -1.1000000E+35
 -1.1000000E+35 -1.1000000E+35 -1.1000000E+35 -1.1000000E+35 -1.1000000E+35 -1.1000000E+35 -1.1000000E+35
 -1.1000000E+35 -1.1000000E+35 -1.1000000E+35 -1.1000000E+35 -1.1000000E+35 -1.1000000E+35 -1.1000000E+35
 -1.1000000E+35 -1.1000000E+35 -1.1000000E+35 -1.1000000E+35 -1.1000000E+35 -1.1000000E+35 -1.1000000E+35
 -1.1000000E+35  0.2192623      0.1925062      0.1436603      0.1129350      0.1436603     -1.1000000E+35
  0.2172450      0.1804800      0.1129350       0.000000      0.1129350     -1.1000000E+35  0.1925062    
  0.1436603      0.1129350      0.1436603     -1.1000000E+35  0.2137912      0.1925062      0.1804800    
  0.1925062     -1.1000000E+35 -1.1000000E+35 -1.1000000E+35  0.2172450      0.2192623     -1.1000000E+35
 -1.1000000E+35 -1.1000000E+35 -1.1000000E+35 -1.1000000E+35 -1.1000000E+35 -1.1000000E+35 -1.1000000E+35
 -1.1000000E+35 -1.1000000E+35 -1.1000000E+35 -1.1000000E+35 -1.1000000E+35 -1.1000000E+35 -1.1000000E+35
 -1.1000000E+35 -1.1000000E+35 -1.1000000E+35 -1.1000000E+35 -1.1000000E+35 -1.1000000E+35 -1.1000000E+35
 -1.1000000E+35 -1.1000000E+35 -1.1000000E+35 -1.1000000E+35 -1.1000000E+35 -1.1000000E+35 -1.1000000E+35
 -1.1000000E+35 -1.1000000E+35 -1.1000000E+35 -1.1000000E+35 -1.1000000E+35 -1.1000000E+35 -1.1000000E+35
 -1.1000000E+35 -1.1000000E+35 -1.1000000E+35 -1.1000000E+35 -1.1000000E+35 -1.1000000E+35 -1.1000000E+35
 -1.1000000E+35 -1.1000000E+35  0.2192623      0.1925062      0.1436603      0.1129350     -1.1000000E+35
 -1.1000000E+35  0.2172450      0.1804800      0.1129350       0.000000     -1.1000000E+35 -1.1000000E+35
  0.1925062      0.1436603      0.1129350     -1.1000000E+35 -1.1000000E+35  0.2137912      0.1925062    
  0.1804800     -1.1000000E+35 -1.1000000E+35 -1.1000000E+35  0.2192623      0.2172450     -1.1000000E+35
 -1.1000000E+35 -1.1000000E+35 -1.1000000E+35  0.2200000     -1.1000000E+35 -1.1000000E+35 -1.1000000E+35
 -1.1000000E+35 -1.1000000E+35 -1.1000000E+35 -1.1000000E+35 -1.1000000E+35 -1.1000000E+35 -1.1000000E+35
 -1.1000000E+35 -1.1000000E+35 -1.1000000E+35 -1.1000000E+35 -1.1000000E+35 -1.1000000E+35 -1.1000000E+35
 -1.1000000E+35 -1.1000000E+35 -1.1000000E+35 -1.1000000E+35 -1.1000000E+35 -1.1000000E+35 -1.1000000E+35
 -1.1000000E+35 -1.1000000E+35 -1.1000000E+35 -1.1000000E+35 -1.1000000E+35 -1.1000000E+35 -1.1000000E+35
 -1.1000000E+35 -1.1000000E+35 -1.1000000E+35 -1.1000000E+35 -1.1000000E+35 -1.1000000E+35 -1.1000000E+35
  0.1804800      0.1925062      0.2137912      0.2200000     -1.1000000E+35 -1.1000000E+35  0.1129350    
  0.1436603      0.1925062      0.2192623     -1.1000000E+35 -1.1000000E+35   0.000000      0.1804800    
  0.2172450     -1.1000000E+35 -1.1000000E+35  0.1129350      0.1925062      0.2192623     -1.1000000E+35
 -1.1000000E+35  0.1804800      0.2137912      0.2200000     -1.1000000E+35 -1.1000000E+35  0.2172450    
  0.2200000     -1.1000000E+35 -1.1000000E+35 -1.1000000E+35  0.2200000     -1.1000000E+35 -1.1000000E+35
 -1.1000000E+35 -1.1000000E+35  0.2200000     -1.1000000E+35 -1.1000000E+35 -1.1000000E+35 -1.1000000E+35
 -1.1000000E+35 -1.1000000E+35 -1.1000000E+35 -1.1000000E+35 -1.1000000E+35 -1.1000000E+35 -1.1000000E+35
 -1.1000000E+35 -1.1000000E+35 -1.1000000E+35 -1.1000000E+35 -1.1000000E+35 -1.1000000E+35 -1.1000000E+35
 -1.1000000E+35 -1.1000000E+35 -1.1000000E+35 -1.1000000E+35 -1.1000000E+35 -1.1000000E+35 -1.1000000E+35
 -1.1000000E+35 -1.1000000E+35 -1.1000000E+35 -1.1000000E+35 -1.1000000E+35 -1.1000000E+35 -1.1000000E+35
  0.2137912      0.1925062      0.1804800      0.1925062      0.2137912     -1.1000000E+35  0.1925062    
  0.1436603      0.1129350      0.1436603      0.1925062     -1.1000000E+35  0.1804800       0.000000    
  0.1129350      0.1804800     -1.1000000E+35  0.1925062      0.1129350      0.1436603      0.1925062    
 -1.1000000E+35  0.2137912      0.1804800      0.1925062      0.2137912     -1.1000000E+35  0.2200000    
  0.2172450      0.2192623     -1.1000000E+35 -1.1000000E+35 -1.1000000E+35  0.2200000     -1.1000000E+35
 -1.1000000E+35 -1.1000000E+35 -1.1000000E+35 -1.1000000E+35 -1.1000000E+35 -1.1000000E+35 -1.1000000E+35
 -1.1000000E+35 -1.1000000E+35 -1.1000000E+35 -1.1000000E+35 -1.1000000E+35 -1.1000000E+35 -1.1000000E+35
 -1.1000000E+35 -1.1000000E+35 -1.1000000E+35 -1.1000000E+35 -1.1000000E+35 -1.1000000E+35 -1.1000000E+35
 -1.1000000E+35 -1.1000000E+35 -1.1000000E+35 -1.1000000E+35 -1.1000000E+35 -1.1000000E+35 -1.1000000E+35
 -1.1000000E+35 -1.1000000E+35 -1.1000000E+35 -1.1000000E+35 -1.1000000E+35 -1.1000000E+35 -1.1000000E+35
 -1.1000000E+35  0.2137912      0.1925062      0.1804800      0.1925062      0.2137912      0.2192623    
  0.1925062      0.1436603      0.1129350      0.1436603      0.1925062      0.2172450      0.1129350    
   0.000000      0.1129350      0.1804800      0.2192623      0.1436603      0.1129350      0.1436603    
  0.1925062     -1.1000000E+35  0.1925062      0.1804800      0.1925062      0.2137912     -1.1000000E+35
  0.2192623      0.2172450     -1.1000000E+35 -1.1000000E+35 -1.1000000E+35 -1.1000000E+35 -1.1000000E+35
 -1.1000000E+35 -1.1000000E+35 -1.1000000E+35 -1.1000000E+35 -1.1000000E+35 -1.1000000E+35 -1.1000000E+35
 -1.1000000E+35 -1.1000000E+35 -1.1000000E+35 -1.1000000E+35 -1.1000000E+35 -1.1000000E+35 -1.1000000E+35
 -1.1000000E+35 -1.1000000E+35 -1.1000000E+35 -1.1000000E+35 -1.1000000E+35 -1.1000000E+35 -1.1000000E+35
 -1.1000000E+35 -1.1000000E+35 -1.1000000E+35 -1.1000000E+35 -1.1000000E+35 -1.1000000E+35 -1.1000000E+35
 -1.1000000E+35 -1.1000000E+35 -1.1000000E+35 -1.1000000E+35 -1.1000000E+35 -1.1000000E+35 -1.1000000E+35
 -1.1000000E+35 -1.1000000E+35  0.2137912      0.1925062      0.1804800      0.1925062     -1.1000000E+35
  0.2192623      0.1925062      0.1436603      0.1129350      0.1436603     -1.1000000E+35  0.1804800    
  0.1129350       0.000000      0.1129350     -1.1000000E+35  0.1925062      0.1436603      0.1129350    
  0.1436603     -1.1000000E+35  0.2137912      0.1925062      0.1804800      0.1925062     -1.1000000E+35
 -1.1000000E+35 -1.1000000E+35  0.2172450      0.2192623     -1.1000000E+35 -1.1000000E+35 -1.1000000E+35
 -1.1000000E+35 -1.1000000E+35 -1.1000000E+35 -1.1000000E+35 -1.1000000E+35 -1.1000000E+35 -1.1000000E+35
 -1.1000000E+35 -1.1000000E+35 -1.1000000E+35 -1.1000000E+35 -1.1000000E+35 -1.1000000E+35 -1.1000000E+35
 -1.1000000E+35 -1.1000000E+35 -1.1000000E+35 -1.1000000E+35 -1.1000000E+35 -1.1000000E+35 -1.1000000E+35
 -1.1000000E+35 -1.1000000E+35 -1.1000000E+35 -1.1000000E+35 -1.1000000E+35 -1.1000000E+35 -1.1000000E+35
 -1.1000000E+35 -1.1000000E+35 -1.1000000E+35 -1.1000000E+35 -1.1000000E+35 -1.1000000E+35 -1.1000000E+35
 -1.1000000E+35 -1.1000000E+35  0.2200000      0.2137912      0.1925062      0.1804800     -1.1000000E+35
 -1.1000000E+35 -1.1000000E+35  0.1925062      0.1436603      0.1129350     -1.1000000E+35 -1.1000000E+35
  0.1804800      0.1129350       0.000000     -1.1000000E+35 -1.1000000E+35  0.1925062      0.1436603    
  0.1129350     -1.1000000E+35 -1.1000000E+35  0.2137912      0.1925062      0.1804800     -1.1000000E+35
 -1.1000000E+35 -1.1000000E+35  0.2192623      0.2172450     -1.1000000E+35 -1.1000000E+35 -1.1000000E+35
 -1.1000000E+35  0.2200000     -1.1000000E+35 -1.1000000E+35 -1.1000000E+35 -1.1000000E+35 -1.1000000E+35
 -1.1000000E+35 -1.1000000E+35 -1.1000000E+35 -1.1000000E+35 -1.1000000E+35 -1.1000000E+35 -1.1000000E+35
 -1.1000000E+35 -1.1000000E+35 -1.1000000E+35 -1.1000000E+35 -1.1000000E+35 -1.1000000E+35 -1.1000000E+35
 -1.1000000E+35 -1.1000000E+35 -1.1000000E+35 -1.1000000E+35 -1.1000000E+35 -1.1000000E+35 -1.1000000E+35
 -1.1000000E+35 -1.1000000E+35 -1.1000000E+35 -1.1000000E+35 -1.1000000E+35 -1.1000000E+35 -1.1000000E+35
  0.2172450      0.2192623      0.2200000     -1.1000000E+35 -1.1000000E+35 -1.1000000E+35  0.1804800    
  0.1925062      0.2137912     -1.1000000E+35 -1.1000000E+35 -1.1000000E+35  0.1129350      0.1925062    
  0.2192623     -1.1000000E+35 -1.1000000E+35   0.000000      0.1804800      0.2172450     -1.1000000E+35
 -1.1000000E+35  0.1129350      0.1925062      0.2192623     -1.1000000E+35 -1.1000000E+35  0.1804800    
  0.2137912      0.2200000     -1.1000000E+35 -1.1000000E+35  0.2172450      0.2200000     -1.1000000E+35
 -1.1000000E+35 -1.1000000E+35  0.2200000      0.2200000     -1.1000000E+35 -1.1000000E+35 -1.1000000E+35
 -1.1000000E+35  0.2200000     -1.1000000E+35 -1.1000000E+35 -1.1000000E+35 -1.1000000E+35 -1.1000000E+35
 -1.1000000E+35 -1.1000000E+35 -1.1000000E+35 -1.1000000E+35 -1.1000000E+35 -1.1000000E+35 -1.1000000E+35
 -1.1000000E+35 -1.1000000E+35 -1.1000000E+35 -1.1000000E+35 -1.1000000E+35 -1.1000000E+35 -1.1000000E+35
 -1.1000000E+35 -1.1000000E+35 -1.1000000E+35 -1.1000000E+35 -1.1000000E+35 -1.1000000E+35 -1.1000000E+35
  0.2200000      0.2192623      0.2172450      0.2192623     -1.1000000E+35 -1.1000000E+35  0.2137912    
  0.1925062      0.1804800      0.1925062      0.2137912     -1.1000000E+35  0.1925062      0.1129350    
  0.1436603      0.1925062     -1.1000000E+35  0.1804800       0.000000      0.1129350      0.1804800    
 -1.1000000E+35  0.1925062      0.1129350      0.1436603      0.1925062     -1.1000000E+35  0.2137912    
  0.1804800      0.1925062      0.2137912     -1.1000000E+35  0.2200000      0.2172450      0.2192623    
 -1.1000000E+35 -1.1000000E+35 -1.1000000E+35 -1.1000000E+35  0.2200000     -1.1000000E+35 -1.1000000E+35
 -1.1000000E+35 -1.1000000E+35 -1.1000000E+35 -1.1000000E+35 -1.1000000E+35 -1.1000000E+35 -1.1000000E+35
 -1.1000000E+35 -1.1000000E+35 -1.1000000E+35 -1.1000000E+35 -1.1000000E+35 -1.1000000E+35 -1.1000000E+35
 -1.1000000E+35 -1.1000000E+35 -1.1000000E+35 -1.1000000E+35 -1.1000000E+35 -1.1000000E+35 -1.1000000E+35
 -1.1000000E+35 -1.1000000E+35 -1.1000000E+35 -1.1000000E+35 -1.1000000E+35 -1.1000000E+35 -1.1000000E+35
 -1.1000000E+35 -1.1000000E+35  0.2192623      0.2172450     -1.1000000E+35 -1.1000000E+35 -1.1000000E+35
  0.2137912      0.1925062      0.1804800      0.1925062      0.2137912      0.2192623      0.1436603    
  0.1129350      0.1436603      0.1925062      0.2172450      0.1129350       0.000000      0.1129350    
  0.1804800      0.2192623      0.1436603      0.1129350      0.1436603      0.1925062     -1.1000000E+35
  0.1925062      0.1804800      0.1925062      0.2137912     -1.1000000E+35  0.2192623      0.2172450    
 -1.1000000E+35 -1.1000000E+35 -1.1000000E+35 -1.1000000E+35 -1.1000000E+35 -1.1000000E+35 -1.1000000E+35
 -1.1000000E+35 -1.1000000E+35 -1.1000000E+35 -1.1000000E+35 -1.1000000E+35 -1.1000000E+35 -1.1000000E+35
 -1.1000000E+35 -1.1000000E+35 -1.1000000E+35 -1.1000000E+35 -1.1000000E+35 -1.1000000E+35 -1.1000000E+35
 -1.1000000E+35 -1.1000000E+35 -1.1000000E+35 -1.1000000E+35 -1.1000000E+35 -1.1000000E+35 -1.1000000E+35
 -1.1000000E+35 -1.1000000E+35 -1.1000000E+35 -1.1000000E+35 -1.1000000E+35 -1.1000000E+35 -1.1000000E+35
 -1.1000000E+35 -1.1000000E+35 -1.1000000E+35 -1.1000000E+35  0.2172450      0.2192623     -1.1000000E+35
 -1.1000000E+35  0.2137912      0.1925062      0.1804800      0.1925062     -1.1000000E+35  0.1925062    
  0.1436603      0.1129350      0.1436603     -1.1000000E+35  0.1804800      0.1129350       0.000000    
  0.1129350     -1.1000000E+35  0.1925062      0.1436603      0.1129350      0.1436603     -1.1000000E+35
  0.2137912      0.1925062      0.1804800      0.1925062     -1.1000000E+35 -1.1000000E+35 -1.1000000E+35
  0.2172450      0.2192623     -1.1000000E+35 -1.1000000E+35 -1.1000000E+35 -1.1000000E+35 -1.1000000E+35
 -1.1000000E+35 -1.1000000E+35 -1.1000000E+35 -1.1000000E+35 -1.1000000E+35 -1.1000000E+35 -1.1000000E+35
 -1.1000000E+35 -1.1000000E+35 -1.1000000E+35 -1.1000000E+35 -1.1000000E+35 -1.1000000E+35 -1.1000000E+35
 -1.1000000E+35 -1.1000000E+35 -1.1000000E+35 -1.1000000E+35 -1.1000000E+35 -1.1000000E+35 -1.1000000E+35
 -1.1000000E+35 -1.1000000E+35 -1.1000000E+35 -1.1000000E+35 -1.1000000E+35 -1.1000000E+35 -1.1000000E+35
 -1.1000000E+35 -1.1000000E+35 -1.1000000E+35  0.2200000      0.2192623      0.2172450     -1.1000000E+35
 -1.1000000E+35 -1.1000000E+35  0.2137912      0.1925062      0.1804800     -1.1000000E+35 -1.1000000E+35
  0.1925062      0.1436603      0.1129350     -1.1000000E+35 -1.1000000E+35  0.1804800      0.1129350    
   0.000000     -1.1000000E+35 -1.1000000E+35  0.1925062      0.1436603      0.1129350     -1.1000000E+35
 -1.1000000E+35  0.2137912      0.1925062      0.1804800     -1.1000000E+35 -1.1000000E+35 -1.1000000E+35
  0.2192623      0.2172450     -1.1000000E+35 -1.1000000E+35 -1.1000000E+35 -1.1000000E+35 -1.1000000E+35
  0.2200000     -1.1000000E+35 -1.1000000E+35 -1.1000000E+35 -1.1000000E+35 -1.1000000E+35 -1.1000000E+35
 -1.1000000E+35 -1.1000000E+35 -1.1000000E+35 -1.1000000E+35 -1.1000000E+35 -1.1000000E+35 -1.1000000E+35
 -1.1000000E+35 -1.1000000E+35 -1.1000000E+35 -1.1000000E+35 -1.1000000E+35 -1.1000000E+35 -1.1000000E+35
 -1.1000000E+35 -1.1000000E+35 -1.1000000E+35 -1.1000000E+35 -1.1000000E+35 -1.1000000E+35 -1.1000000E+35
  0.2200000      0.2200000     -1.1000000E+35 -1.1000000E+35 -1.1000000E+35 -1.1000000E+35  0.2172450    
  0.2192623      0.2200000     -1.1000000E+35 -1.1000000E+35 -1.1000000E+35  0.1804800      0.2137912    
 -1.1000000E+35 -1.1000000E+35 -1.1000000E+35  0.1129350      0.1925062      0.2192623     -1.1000000E+35
 -1.1000000E+35   0.000000      0.1804800      0.2172450     -1.1000000E+35 -1.1000000E+35  0.1129350    
  0.1925062      0.2192623     -1.1000000E+35 -1.1000000E+35  0.1804800      0.2137912      0.2200000    
 -1.1000000E+35 -1.1000000E+35  0.2172450      0.2192623      0.2200000     -1.1000000E+35 -1.1000000E+35
 -1.1000000E+35  0.2200000      0.2200000     -1.1000000E+35 -1.1000000E+35 -1.1000000E+35 -1.1000000E+35
 -1.1000000E+35 -1.1000000E+35 -1.1000000E+35 -1.1000000E+35 -1.1000000E+35 -1.1000000E+35 -1.1000000E+35
 -1.1000000E+35 -1.1000000E+35 -1.1000000E+35 -1.1000000E+35 -1.1000000E+35 -1.1000000E+35 -1.1000000E+35
 -1.1000000E+35 -1.1000000E+35 -1.1000000E+35 -1.1000000E+35 -1.1000000E+35 -1.1000000E+35 -1.1000000E+35
 -1.1000000E+35 -1.1000000E+35 -1.1000000E+35 -1.1000000E+35 -1.1000000E+35 -1.1000000E+35  0.2200000    
  0.2192623      0.2172450      0.2192623     -1.1000000E+35 -1.1000000E+35  0.2137912      0.1804800    
  0.1925062      0.2137912     -1.1000000E+35  0.1925062      0.1129350      0.1436603      0.1925062    
 -1.1000000E+35  0.1804800       0.000000      0.1129350      0.1804800     -1.1000000E+35  0.1925062    
  0.1129350      0.1436603      0.1925062     -1.1000000E+35  0.2137912      0.1804800      0.1925062    
  0.2137912     -1.1000000E+35  0.2200000      0.2192623      0.2172450      0.2192623     -1.1000000E+35
 -1.1000000E+35 -1.1000000E+35 -1.1000000E+35 -1.1000000E+35 -1.1000000E+35 -1.1000000E+35 -1.1000000E+35
 -1.1000000E+35 -1.1000000E+35 -1.1000000E+35 -1.1000000E+35 -1.1000000E+35 -1.1000000E+35 -1.1000000E+35
 -1.1000000E+35 -1.1000000E+35 -1.1000000E+35 -1.1000000E+35 -1.1000000E+35 -1.1000000E+35 -1.1000000E+35
 -1.1000000E+35 -1.1000000E+35 -1.1000000E+35 -1.1000000E+35 -1.1000000E+35 -1.1000000E+35 -1.1000000E+35
 -1.1000000E+35 -1.1000000E+35 -1.1000000E+35 -1.1000000E+35 -1.1000000E+35 -1.1000000E+35 -1.1000000E+35
  0.2200000      0.2192623      0.2172450     -1.1000000E+35 -1.1000000E+35  0.2200000      0.1925062    
  0.1804800      0.1925062      0.2137912      0.2192623      0.1436603      0.1129350      0.1436603    
  0.1925062      0.2172450      0.1129350       0.000000      0.1129350      0.1804800      0.2192623    
  0.1436603      0.1129350      0.1436603      0.1925062     -1.1000000E+35  0.1925062      0.1804800    
  0.1925062      0.2137912     -1.1000000E+35 -1.1000000E+35  0.2192623      0.2172450     -1.1000000E+35
 -1.1000000E+35 -1.1000000E+35 -1.1000000E+35 -1.1000000E+35 -1.1000000E+35 -1.1000000E+35 -1.1000000E+35
 -1.1000000E+35 -1.1000000E+35 -1.1000000E+35 -1.1000000E+35 -1.1000000E+35 -1.1000000E+35 -1.1000000E+35
 -1.1000000E+35 -1.1000000E+35 -1.1000000E+35 -1.1000000E+35 -1.1000000E+35 -1.1000000E+35 -1.1000000E+35
 -1.1000000E+35 -1.1000000E+35 -1.1000000E+35 -1.1000000E+35 -1.1000000E+35 -1.1000000E+35 -1.1000000E+35
 -1.1000000E+35 -1.1000000E+35 -1.1000000E+35 -1.1000000E+35 -1.1000000E+35 -1.1000000E+35 -1.1000000E+35
 -1.1000000E+35 -1.1000000E+35 -1.1000000E+35  0.2172450      0.2192623     -1.1000000E+35  0.2137912    
  0.1925062      0.1804800      0.1925062     -1.1000000E+35  0.1925062      0.1436603      0.1129350    
  0.1436603     -1.1000000E+35  0.1804800      0.1129350       0.000000      0.1129350     -1.1000000E+35
  0.1925062      0.1436603      0.1129350      0.1436603     -1.1000000E+35  0.2137912      0.1925062    
  0.1804800      0.1925062     -1.1000000E+35 -1.1000000E+35 -1.1000000E+35 -1.1000000E+35  0.2172450    
  0.2192623     -1.1000000E+35 -1.1000000E+35 -1.1000000E+35 -1.1000000E+35 -1.1000000E+35 -1.1000000E+35
 -1.1000000E+35 -1.1000000E+35 -1.1000000E+35 -1.1000000E+35 -1.1000000E+35 -1.1000000E+35 -1.1000000E+35
 -1.1000000E+35 -1.1000000E+35 -1.1000000E+35 -1.1000000E+35 -1.1000000E+35 -1.1000000E+35 -1.1000000E+35
 -1.1000000E+35 -1.1000000E+35 -1.1000000E+35 -1.1000000E+35 -1.1000000E+35 -1.1000000E+35 -1.1000000E+35
 -1.1000000E+35 -1.1000000E+35 -1.1000000E+35 -1.1000000E+35 -1.1000000E+35  0.2200000     -1.1000000E+35
 -1.1000000E+35 -1.1000000E+35 -1.1000000E+35  0.2192623      0.2172450     -1.1000000E+35 -1.1000000E+35
  0.2137912      0.1925062      0.1804800     -1.1000000E+35 -1.1000000E+35  0.1925062      0.1436603    
  0.1129350     -1.1000000E+35 -1.1000000E+35  0.1804800      0.1129350       0.000000     -1.1000000E+35
 -1.1000000E+35  0.1925062      0.1436603      0.1129350     -1.1000000E+35 -1.1000000E+35  0.2137912    
  0.1925062      0.1804800     -1.1000000E+35 -1.1000000E+35 -1.1000000E+35 -1.1000000E+35  0.2192623    
  0.2172450     -1.1000000E+35 -1.1000000E+35 -1.1000000E+35 -1.1000000E+35 -1.1000000E+35  0.2200000    
 -1.1000000E+35 -1.1000000E+35 -1.1000000E+35 -1.1000000E+35 -1.1000000E+35 -1.1000000E+35 -1.1000000E+35
 -1.1000000E+35 -1.1000000E+35 -1.1000000E+35 -1.1000000E+35 -1.1000000E+35 -1.1000000E+35 -1.1000000E+35
 -1.1000000E+35 -1.1000000E+35 -1.1000000E+35 -1.1000000E+35 -1.1000000E+35 -1.1000000E+35 -1.1000000E+35
  0.2200000     -1.1000000E+35 -1.1000000E+35 -1.1000000E+35 -1.1000000E+35 -1.1000000E+35  0.2200000    
  0.2200000     -1.1000000E+35 -1.1000000E+35 -1.1000000E+35 -1.1000000E+35  0.2172450      0.2200000    
 -1.1000000E+35 -1.1000000E+35 -1.1000000E+35  0.1804800      0.2137912     -1.1000000E+35 -1.1000000E+35
 -1.1000000E+35  0.1129350      0.1925062      0.2192623     -1.1000000E+35 -1.1000000E+35   0.000000    
  0.1804800      0.2172450     -1.1000000E+35 -1.1000000E+35  0.1129350      0.1925062      0.2192623    
 -1.1000000E+35 -1.1000000E+35  0.1804800      0.1925062      0.2137912     -1.1000000E+35 -1.1000000E+35
 -1.1000000E+35  0.2172450      0.2192623     -1.1000000E+35 -1.1000000E+35 -1.1000000E+35 -1.1000000E+35
  0.2200000      0.2200000     -1.1000000E+35 -1.1000000E+35 -1.1000000E+35 -1.1000000E+35 -1.1000000E+35
 -1.1000000E+35 -1.1000000E+35 -1.1000000E+35 -1.1000000E+35 -1.1000000E+35 -1.1000000E+35 -1.1000000E+35
 -1.1000000E+35 -1.1000000E+35 -1.1000000E+35 -1.1000000E+35 -1.1000000E+35 -1.1000000E+35 -1.1000000E+35
 -1.1000000E+35 -1.1000000E+35 -1.1000000E+35 -1.1000000E+35 -1.1000000E+35 -1.1000000E+35 -1.1000000E+35
 -1.1000000E+35  0.2200000     -1.1000000E+35 -1.1000000E+35 -1.1000000E+35  0.2200000      0.2172450    
  0.2192623     -1.1000000E+35 -1.1000000E+35  0.2137912      0.1804800      0.1925062      0.2137912    
 -1.1000000E+35  0.1925062      0.1129350      0.1436603      0.1925062     -1.1000000E+35  0.1804800    
   0.000000      0.1129350      0.1804800     -1.1000000E+35  0.1925062      0.1129350      0.1436603    
  0.1925062     -1.1000000E+35  0.2137912      0.1925062      0.1804800      0.1925062      0.2137912    
 -1.1000000E+35  0.2200000      0.2192623      0.2172450      0.2192623     -1.1000000E+35 -1.1000000E+35
 -1.1000000E+35 -1.1000000E+35 -1.1000000E+35 -1.1000000E+35 -1.1000000E+35 -1.1000000E+35 -1.1000000E+35
 -1.1000000E+35 -1.1000000E+35 -1.1000000E+35 -1.1000000E+35 -1.1000000E+35 -1.1000000E+35 -1.1000000E+35
 -1.1000000E+35 -1.1000000E+35 -1.1000000E+35 -1.1000000E+35 -1.1000000E+35 -1.1000000E+35 -1.1000000E+35
 -1.1000000E+35 -1.1000000E+35 -1.1000000E+35 -1.1000000E+35 -1.1000000E+35 -1.1000000E+35 -1.1000000E+35
 -1.1000000E+35 -1.1000000E+35 -1.1000000E+35 -1.1000000E+35 -1.1000000E+35 -1.1000000E+35  0.2192623    
  0.2172450     -1.1000000E+35 -1.1000000E+35  0.2200000      0.1925062      0.1804800      0.1925062    
  0.2137912      0.2192623      0.1436603      0.1129350      0.1436603      0.1925062      0.2172450    
  0.1129350       0.000000      0.1129350      0.1804800      0.2192623      0.1436603      0.1129350    
  0.1436603      0.1925062     -1.1000000E+35  0.2137912      0.1925062      0.1804800      0.1925062    
  0.2137912     -1.1000000E+35 -1.1000000E+35  0.2192623      0.2172450     -1.1000000E+35 -1.1000000E+35
 -1.1000000E+35 -1.1000000E+35 -1.1000000E+35 -1.1000000E+35 -1.1000000E+35 -1.1000000E+35 -1.1000000E+35
 -1.1000000E+35 -1.1000000E+35 -1.1000000E+35 -1.1000000E+35 -1.1000000E+35 -1.1000000E+35 -1.1000000E+35
 -1.1000000E+35 -1.1000000E+35 -1.1000000E+35 -1.1000000E+35 -1.1000000E+35 -1.1000000E+35 -1.1000000E+35
 -1.1000000E+35 -1.1000000E+35 -1.1000000E+35 -1.1000000E+35 -1.1000000E+35 -1.1000000E+35 -1.1000000E+35
 -1.1000000E+35 -1.1000000E+35 -1.1000000E+35 -1.1000000E+35 -1.1000000E+35 -1.1000000E+35 -1.1000000E+35
 -1.1000000E+35  0.2172450      0.2192623     -1.1000000E+35  0.2137912      0.1925062      0.1804800    
  0.1925062     -1.1000000E+35  0.1925062      0.1436603      0.1129350      0.1436603     -1.1000000E+35
  0.1804800      0.1129350       0.000000      0.1129350     -1.1000000E+35  0.1925062      0.1436603    
  0.1129350      0.1436603     -1.1000000E+35 -1.1000000E+35  0.2137912      0.1925062      0.1804800    
  0.1925062     -1.1000000E+35 -1.1000000E+35 -1.1000000E+35 -1.1000000E+35  0.2172450      0.2192623    
 -1.1000000E+35 -1.1000000E+35 -1.1000000E+35 -1.1000000E+35 -1.1000000E+35 -1.1000000E+35 -1.1000000E+35
 -1.1000000E+35 -1.1000000E+35 -1.1000000E+35 -1.1000000E+35 -1.1000000E+35 -1.1000000E+35 -1.1000000E+35
 -1.1000000E+35 -1.1000000E+35 -1.1000000E+35 -1.1000000E+35 -1.1000000E+35 -1.1000000E+35 -1.1000000E+35
 -1.1000000E+35 -1.1000000E+35 -1.1000000E+35 -1.1000000E+35 -1.1000000E+35 -1.1000000E+35 -1.1000000E+35
 -1.1000000E+35 -1.1000000E+35 -1.1000000E+35 -1.1000000E+35  0.2200000     -1.1000000E+35 -1.1000000E+35
 -1.1000000E+35  0.2192623      0.2172450     -1.1000000E+35 -1.1000000E+35  0.2137912      0.1925062    
  0.1804800     -1.1000000E+35 -1.1000000E+35  0.1925062      0.1436603      0.1129350     -1.1000000E+35
 -1.1000000E+35  0.1804800      0.1129350       0.000000     -1.1000000E+35 -1.1000000E+35  0.1925062    
  0.1436603      0.1129350     -1.1000000E+35 -1.1000000E+35 -1.1000000E+35  0.2137912      0.1925062    
  0.1804800     -1.1000000E+35 -1.1000000E+35 -1.1000000E+35 -1.1000000E+35  0.2192623      0.2172450    
 -1.1000000E+35 -1.1000000E+35 -1.1000000E+35 -1.1000000E+35 -1.1000000E+35  0.2200000     -1.1000000E+35
 -1.1000000E+35 -1.1000000E+35 -1.1000000E+35 -1.1000000E+35 -1.1000000E+35 -1.1000000E+35 -1.1000000E+35
 -1.1000000E+35 -1.1000000E+35 -1.1000000E+35 -1.1000000E+35 -1.1000000E+35 -1.1000000E+35 -1.1000000E+35
 -1.1000000E+35 -1.1000000E+35 -1.1000000E+35 -1.1000000E+35 -1.1000000E+35 -1.1000000E+35  0.2200000    
 -1.1000000E+35 -1.1000000E+35 -1.1000000E+35 -1.1000000E+35 -1.1000000E+35  0.2200000     -1.1000000E+35
 -1.1000000E+35 -1.1000000E+35 -1.1000000E+35  0.2172450      0.2200000     -1.1000000E+35 -1.1000000E+35
 -1.1000000E+35  0.1804800      0.2137912     -1.1000000E+35 -1.1000000E+35 -1.1000000E+35  0.1129350    
  0.1925062      0.2192623     -1.1000000E+35 -1.1000000E+35   0.000000      0.1804800      0.2172450    
 -1.1000000E+35 -1.1000000E+35  0.1129350      0.1436603      0.1925062      0.2192623     -1.1000000E+35
 -1.1000000E+35  0.1804800      0.1925062      0.2137912     -1.1000000E+35 -1.1000000E+35 -1.1000000E+35
  0.2172450      0.2192623     -1.1000000E+35 -1.1000000E+35 -1.1000000E+35 -1.1000000E+35  0.2200000    
 -1.1000000E+35 -1.1000000E+35 -1.1000000E+35 -1.1000000E+35 -1.1000000E+35 -1.1000000E+35 -1.1000000E+35
 -1.1000000E+35 -1.1000000E+35 -1.1000000E+35 -1.1000000E+35 -1.1000000E+35 -1.1000000E+35 -1.1000000E+35
 -1.1000000E+35 -1.1000000E+35 -1.1000000E+35 -1.1000000E+35 -1.1000000E+35 -1.1000000E+35 -1.1000000E+35
 -1.1000000E+35 -1.1000000E+35 -1.1000000E+35 -1.1000000E+35 -1.1000000E+35 -1.1000000E+35  0.2200000    
 -1.1000000E+35 -1.1000000E+35 -1.1000000E+35  0.2200000      0.2172450      0.2192623     -1.1000000E+35
 -1.1000000E+35  0.2137912      0.1804800      0.1925062      0.2137912     -1.1000000E+35  0.1925062    
  0.1129350      0.1436603      0.1925062     -1.1000000E+35  0.1804800       0.000000      0.1129350    
  0.1804800     -1.1000000E+35  0.1925062      0.1436603      0.1129350      0.1436603      0.1925062    
 -1.1000000E+35  0.2137912      0.1925062      0.1804800      0.1925062      0.2137912     -1.1000000E+35
 -1.1000000E+35  0.2192623      0.2172450     -1.1000000E+35 -1.1000000E+35 -1.1000000E+35 -1.1000000E+35
 -1.1000000E+35 -1.1000000E+35 -1.1000000E+35 -1.1000000E+35 -1.1000000E+35 -1.1000000E+35 -1.1000000E+35
 -1.1000000E+35 -1.1000000E+35 -1.1000000E+35 -1.1000000E+35 -1.1000000E+35 -1.1000000E+35 -1.1000000E+35
 -1.1000000E+35 -1.1000000E+35 -1.1000000E+35 -1.1000000E+35 -1.1000000E+35 -1.1000000E+35 -1.1000000E+35
 -1.1000000E+35 -1.1000000E+35 -1.1000000E+35 -1.1000000E+35 -1.1000000E+35 -1.1000000E+35 -1.1000000E+35
 -1.1000000E+35 -1.1000000E+35 -1.1000000E+35 -1.1000000E+35  0.2192623      0.2172450     -1.1000000E+35
 -1.1000000E+35  0.2200000      0.1925062      0.1804800      0.1925062      0.2137912      0.2192623    
  0.1436603      0.1129350      0.1436603      0.1925062      0.2172450      0.1129350       0.000000    
  0.1129350      0.1804800      0.2192623      0.1925062      0.1436603      0.1129350      0.1436603    
  0.1925062     -1.1000000E+35  0.2137912      0.1925062      0.1804800      0.1925062      0.2137912    
 -1.1000000E+35 -1.1000000E+35 -1.1000000E+35  0.2172450     -1.1000000E+35 -1.1000000E+35 -1.1000000E+35
 -1.1000000E+35 -1.1000000E+35 -1.1000000E+35 -1.1000000E+35 -1.1000000E+35 -1.1000000E+35 -1.1000000E+35
 -1.1000000E+35 -1.1000000E+35 -1.1000000E+35 -1.1000000E+35 -1.1000000E+35 -1.1000000E+35 -1.1000000E+35
 -1.1000000E+35 -1.1000000E+35 -1.1000000E+35 -1.1000000E+35 -1.1000000E+35 -1.1000000E+35 -1.1000000E+35
 -1.1000000E+35 -1.1000000E+35 -1.1000000E+35 -1.1000000E+35 -1.1000000E+35 -1.1000000E+35 -1.1000000E+35
 -1.1000000E+35 -1.1000000E+35 -1.1000000E+35 -1.1000000E+35 -1.1000000E+35 -1.1000000E+35  0.2172450    
  0.2192623     -1.1000000E+35  0.2137912      0.1925062      0.1804800      0.1925062     -1.1000000E+35
  0.1925062      0.1436603      0.1129350      0.1436603     -1.1000000E+35  0.1804800      0.1129350    
   0.000000      0.1129350     -1.1000000E+35  0.2192623      0.1925062      0.1436603      0.1129350    
  0.1436603     -1.1000000E+35 -1.1000000E+35  0.2137912      0.1925062      0.1804800      0.1925062    
 -1.1000000E+35 -1.1000000E+35 -1.1000000E+35 -1.1000000E+35  0.2172450      0.2192623     -1.1000000E+35
 -1.1000000E+35 -1.1000000E+35 -1.1000000E+35 -1.1000000E+35 -1.1000000E+35 -1.1000000E+35 -1.1000000E+35
 -1.1000000E+35 -1.1000000E+35 -1.1000000E+35 -1.1000000E+35 -1.1000000E+35 -1.1000000E+35 -1.1000000E+35
 -1.1000000E+35 -1.1000000E+35 -1.1000000E+35 -1.1000000E+35 -1.1000000E+35 -1.1000000E+35 -1.1000000E+35
 -1.1000000E+35 -1.1000000E+35 -1.1000000E+35 -1.1000000E+35 -1.1000000E+35 -1.1000000E+35 -1.1000000E+35
 -1.1000000E+35 -1.1000000E+35  0.2200000     -1.1000000E+35 -1.1000000E+35 -1.1000000E+35  0.2192623    
  0.2172450     -1.1000000E+35 -1.1000000E+35  0.2137912      0.1925062      0.1804800     -1.1000000E+35
 -1.1000000E+35  0.1925062      0.1436603      0.1129350     -1.1000000E+35 -1.1000000E+35  0.1804800    
  0.1129350       0.000000     -1.1000000E+35 -1.1000000E+35 -1.1000000E+35  0.1925062      0.1436603    
  0.1129350     -1.1000000E+35 -1.1000000E+35 -1.1000000E+35  0.2137912      0.1925062      0.1804800    
 -1.1000000E+35 -1.1000000E+35 -1.1000000E+35 -1.1000000E+35  0.2192623      0.2172450     -1.1000000E+35
 -1.1000000E+35 -1.1000000E+35 -1.1000000E+35 -1.1000000E+35  0.2200000     -1.1000000E+35 -1.1000000E+35
 -1.1000000E+35 -1.1000000E+35 -1.1000000E+35 -1.1000000E+35 -1.1000000E+35 -1.1000000E+35 -1.1000000E+35
 -1.1000000E+35 -1.1000000E+35 -1.1000000E+35 -1.1000000E+35 -1.1000000E+35 -1.1000000E+35 -1.1000000E+35
 -1.1000000E+35 -1.1000000E+35 -1.1000000E+35 -1.1000000E+35 -1.1000000E+35  0.2200000     -1.1000000E+35
 -1.1000000E+35 -1.1000000E+35 -1.1000000E+35  0.2200000     -1.1000000E+35 -1.1000000E+35 -1.1000000E+35
 -1.1000000E+35  0.2172450      0.2200000     -1.1000000E+35 -1.1000000E+35 -1.1000000E+35  0.1804800    
  0.2137912     -1.1000000E+35 -1.1000000E+35 -1.1000000E+35  0.1129350      0.1925062      0.2192623    
 -1.1000000E+35 -1.1000000E+35   0.000000      0.1129350      0.1804800      0.2172450     -1.1000000E+35
 -1.1000000E+35  0.1129350      0.1436603      0.1925062     -1.1000000E+35 -1.1000000E+35 -1.1000000E+35
  0.1804800      0.1925062      0.2137912     -1.1000000E+35 -1.1000000E+35 -1.1000000E+35  0.2172450    
  0.2192623     -1.1000000E+35 -1.1000000E+35 -1.1000000E+35 -1.1000000E+35  0.2200000     -1.1000000E+35
 -1.1000000E+35 -1.1000000E+35 -1.1000000E+35 -1.1000000E+35 -1.1000000E+35 -1.1000000E+35 -1.1000000E+35
 -1.1000000E+35 -1.1000000E+35 -1.1000000E+35 -1.1000000E+35 -1.1000000E+35 -1.1000000E+35 -1.1000000E+35
 -1.1000000E+35 -1.1000000E+35 -1.1000000E+35 -1.1000000E+35 -1.1000000E+35 -1.1000000E+35 -1.1000000E+35
 -1.1000000E+35 -1.1000000E+35 -1.1000000E+35  0.2200000     -1.1000000E+35 -1.1000000E+35 -1.1000000E+35
 -1.1000000E+35  0.2192623      0.2192623     -1.1000000E+35 -1.1000000E+35 -1.1000000E+35  0.1925062    
  0.1925062      0.2137912     -1.1000000E+35 -1.1000000E+35  0.1436603      0.1436603      0.1925062    
  0.2192623     -1.1000000E+35  0.1129350       0.000000      0.1129350      0.1804800      0.2172450    
 -1.1000000E+35  0.1436603      0.1129350      0.1436603      0.1925062     -1.1000000E+35 -1.1000000E+35
  0.1925062      0.1804800      0.1925062      0.2137912     -1.1000000E+35 -1.1000000E+35  0.2192623    
  0.2172450     -1.1000000E+35 -1.1000000E+35 -1.1000000E+35 -1.1000000E+35 -1.1000000E+35 -1.1000000E+35
 -1.1000000E+35 -1.1000000E+35 -1.1000000E+35 -1.1000000E+35 -1.1000000E+35 -1.1000000E+35 -1.1000000E+35
 -1.1000000E+35 -1.1000000E+35 -1.1000000E+35 -1.1000000E+35 -1.1000000E+35 -1.1000000E+35 -1.1000000E+35
 -1.1000000E+35 -1.1000000E+35 -1.1000000E+35 -1.1000000E+35 -1.1000000E+35 -1.1000000E+35 -1.1000000E+35
 -1.1000000E+35 -1.1000000E+35 -1.1000000E+35 -1.1000000E+35  0.2200000     -1.1000000E+35 -1.1000000E+35
 -1.1000000E+35  0.2200000      0.2172450      0.2192623     -1.1000000E+35 -1.1000000E+35  0.2137912    
  0.1804800      0.1925062      0.2137912     -1.1000000E+35  0.1925062      0.1129350      0.1436603    
  0.1925062     -1.1000000E+35  0.1804800      0.1129350       0.000000      0.1129350      0.1804800    
 -1.1000000E+35  0.1925062      0.1436603      0.1129350      0.1436603      0.1925062     -1.1000000E+35
  0.2137912      0.1925062      0.1804800      0.1925062      0.2137912     -1.1000000E+35 -1.1000000E+35
 -1.1000000E+35  0.2172450     -1.1000000E+35 -1.1000000E+35 -1.1000000E+35 -1.1000000E+35 -1.1000000E+35
 -1.1000000E+35 -1.1000000E+35 -1.1000000E+35 -1.1000000E+35 -1.1000000E+35 -1.1000000E+35 -1.1000000E+35
 -1.1000000E+35 -1.1000000E+35 -1.1000000E+35 -1.1000000E+35 -1.1000000E+35 -1.1000000E+35 -1.1000000E+35
 -1.1000000E+35 -1.1000000E+35 -1.1000000E+35 -1.1000000E+35 -1.1000000E+35 -1.1000000E+35 -1.1000000E+35
 -1.1000000E+35 -1.1000000E+35 -1.1000000E+35 -1.1000000E+35 -1.1000000E+35 -1.1000000E+35 -1.1000000E+35
 -1.1000000E+35 -1.1000000E+35  0.2192623      0.2172450     -1.1000000E+35 -1.1000000E+35 -1.1000000E+35
  0.1925062      0.1804800      0.1925062      0.2137912      0.2192623      0.1436603      0.1129350    
  0.1436603      0.1925062      0.2172450      0.1804800      0.1129350       0.000000      0.1129350    
  0.1804800     -1.1000000E+35  0.1925062      0.1436603      0.1129350      0.1436603      0.1925062    
 -1.1000000E+35  0.2137912      0.1925062      0.1804800      0.1925062      0.2137912     -1.1000000E+35
 -1.1000000E+35 -1.1000000E+35  0.2172450     -1.1000000E+35 -1.1000000E+35 -1.1000000E+35 -1.1000000E+35
 -1.1000000E+35 -1.1000000E+35 -1.1000000E+35 -1.1000000E+35 -1.1000000E+35 -1.1000000E+35 -1.1000000E+35
 -1.1000000E+35 -1.1000000E+35 -1.1000000E+35 -1.1000000E+35 -1.1000000E+35 -1.1000000E+35 -1.1000000E+35
 -1.1000000E+35 -1.1000000E+35 -1.1000000E+35 -1.1000000E+35 -1.1000000E+35 -1.1000000E+35 -1.1000000E+35
 -1.1000000E+35 -1.1000000E+35 -1.1000000E+35 -1.1000000E+35 -1.1000000E+35 -1.1000000E+35 -1.1000000E+35
 -1.1000000E+35 -1.1000000E+35 -1.1000000E+35 -1.1000000E+35  0.2172450      0.2192623     -1.1000000E+35
  0.2137912      0.1925062      0.1804800      0.1925062     -1.1000000E+35  0.1925062      0.1436603    
  0.1129350      0.1436603     -1.1000000E+35  0.2172450      0.1804800      0.1129350       0.000000    
  0.1129350     -1.1000000E+35 -1.1000000E+35  0.1925062      0.1436603      0.1129350      0.1436603    
 -1.1000000E+35 -1.1000000E+35  0.2137912      0.1925062      0.1804800      0.1925062     -1.1000000E+35
 -1.1000000E+35 -1.1000000E+35 -1.1000000E+35  0.2172450      0.2192623     -1.1000000E+35 -1.1000000E+35
 -1.1000000E+35 -1.1000000E+35 -1.1000000E+35 -1.1000000E+35 -1.1000000E+35 -1.1000000E+35 -1.1000000E+35
 -1.1000000E+35 -1.1000000E+35 -1.1000000E+35 -1.1000000E+35 -1.1000000E+35 -1.1000000E+35 -1.1000000E+35
 -1.1000000E+35 -1.1000000E+35 -1.1000000E+35 -1.1000000E+35 -1.1000000E+35 -1.1000000E+35 -1.1000000E+35
 -1.1000000E+35 -1.1000000E+35 -1.1000000E+35 -1.1000000E+35 -1.1000000E+35 -1.1000000E+35 -1.1000000E+35
  0.2200000     -1.1000000E+35 -1.1000000E+35 -1.1000000E+35  0.2192623      0.2172450     -1.1000000E+35
 -1.1000000E+35  0.2137912      0.1925062      0.1804800     -1.1000000E+35 -1.1000000E+35  0.1925062    
  0.1436603      0.1129350     -1.1000000E+35 -1.1000000E+35 -1.1000000E+35  0.1804800      0.1129350    
   0.000000     -1.1000000E+35 -1.1000000E+35 -1.1000000E+35  0.1925062      0.1436603      0.1129350    
 -1.1000000E+35 -1.1000000E+35 -1.1000000E+35  0.2137912      0.1925062      0.1804800     -1.1000000E+35
 -1.1000000E+35 -1.1000000E+35 -1.1000000E+35  0.2192623      0.2172450     -1.1000000E+35 -1.1000000E+35
 -1.1000000E+35 -1.1000000E+35  0.2200000     -1.1000000E+35 -1.1000000E+35 -1.1000000E+35 -1.1000000E+35
 -1.1000000E+35 -1.1000000E+35 -1.1000000E+35 -1.1000000E+35 -1.1000000E+35 -1.1000000E+35 -1.1000000E+35
 -1.1000000E+35 -1.1000000E+35 -1.1000000E+35 -1.1000000E+35 -1.1000000E+35 -1.1000000E+35 -1.1000000E+35
 -1.1000000E+35 -1.1000000E+35 -1.1000000E+35  0.2200000     -1.1000000E+35 -1.1000000E+35 -1.1000000E+35
 -1.1000000E+35  0.2200000     -1.1000000E+35 -1.1000000E+35 -1.1000000E+35 -1.1000000E+35  0.2172450    
  0.2200000     -1.1000000E+35 -1.1000000E+35 -1.1000000E+35  0.1804800      0.2137912     -1.1000000E+35
 -1.1000000E+35 -1.1000000E+35  0.1129350      0.1436603      0.1925062     -1.1000000E+35 -1.1000000E+35
 -1.1000000E+35   0.000000      0.1129350      0.1804800     -1.1000000E+35 -1.1000000E+35 -1.1000000E+35
  0.1129350      0.1436603      0.1925062     -1.1000000E+35 -1.1000000E+35 -1.1000000E+35  0.1804800    
  0.1925062      0.2137912     -1.1000000E+35 -1.1000000E+35 -1.1000000E+35  0.2192623      0.2200000    
 -1.1000000E+35 -1.1000000E+35 -1.1000000E+35  0.2200000     -1.1000000E+35 -1.1000000E+35 -1.1000000E+35
 -1.1000000E+35 -1.1000000E+35 -1.1000000E+35 -1.1000000E+35 -1.1000000E+35 -1.1000000E+35 -1.1000000E+35
 -1.1000000E+35 -1.1000000E+35 -1.1000000E+35 -1.1000000E+35 -1.1000000E+35 -1.1000000E+35 -1.1000000E+35
 -1.1000000E+35 -1.1000000E+35 -1.1000000E+35 -1.1000000E+35 -1.1000000E+35 -1.1000000E+35 -1.1000000E+35
 -1.1000000E+35  0.2200000     -1.1000000E+35 -1.1000000E+35 -1.1000000E+35 -1.1000000E+35  0.2192623    
  0.2192623     -1.1000000E+35 -1.1000000E+35 -1.1000000E+35  0.1925062      0.1925062      0.2137912    
 -1.1000000E+35 -1.1000000E+35  0.1436603      0.1129350      0.1436603      0.1925062     -1.1000000E+35
 -1.1000000E+35  0.1129350       0.000000      0.1129350      0.1804800     -1.1000000E+35 -1.1000000E+35
  0.1436603      0.1129350      0.1436603      0.1925062     -1.1000000E+35 -1.1000000E+35  0.1925062    
  0.1804800      0.1925062      0.2137912     -1.1000000E+35 -1.1000000E+35  0.2172450     -1.1000000E+35
 -1.1000000E+35 -1.1000000E+35 -1.1000000E+35  0.2200000     -1.1000000E+35 -1.1000000E+35 -1.1000000E+35
 -1.1000000E+35 -1.1000000E+35 -1.1000000E+35 -1.1000000E+35 -1.1000000E+35 -1.1000000E+35 -1.1000000E+35
 -1.1000000E+35 -1.1000000E+35 -1.1000000E+35 -1.1000000E+35 -1.1000000E+35 -1.1000000E+35 -1.1000000E+35
 -1.1000000E+35 -1.1000000E+35 -1.1000000E+35 -1.1000000E+35 -1.1000000E+35 -1.1000000E+35 -1.1000000E+35
 -1.1000000E+35 -1.1000000E+35 -1.1000000E+35 -1.1000000E+35 -1.1000000E+35 -1.1000000E+35 -1.1000000E+35
  0.2172450      0.2192623     -1.1000000E+35 -1.1000000E+35  0.2137912      0.1804800      0.1925062    
  0.2137912     -1.1000000E+35  0.1925062      0.1436603      0.1129350      0.1436603      0.1925062    
 -1.1000000E+35  0.1804800      0.1129350       0.000000      0.1129350      0.1804800     -1.1000000E+35
  0.1925062      0.1436603      0.1129350      0.1436603      0.1925062     -1.1000000E+35  0.2137912    
  0.1925062      0.1804800      0.1925062      0.2137912     -1.1000000E+35 -1.1000000E+35  0.2172450    
 -1.1000000E+35 -1.1000000E+35 -1.1000000E+35 -1.1000000E+35 -1.1000000E+35 -1.1000000E+35 -1.1000000E+35
 -1.1000000E+35 -1.1000000E+35 -1.1000000E+35 -1.1000000E+35 -1.1000000E+35 -1.1000000E+35 -1.1000000E+35
 -1.1000000E+35 -1.1000000E+35 -1.1000000E+35 -1.1000000E+35 -1.1000000E+35 -1.1000000E+35 -1.1000000E+35
 -1.1000000E+35 -1.1000000E+35 -1.1000000E+35 -1.1000000E+35 -1.1000000E+35 -1.1000000E+35 -1.1000000E+35
 -1.1000000E+35 -1.1000000E+35 -1.1000000E+35 -1.1000000E+35 -1.1000000E+35 -1.1000000E+35 -1.1000000E+35
  0.2192623      0.2172450     -1.1000000E+35 -1.1000000E+35 -1.1000000E+35  0.1925062      0.1804800    
  0.1925062      0.2137912     -1.1000000E+35  0.1925062      0.1436603      0.1129350      0.1436603    
  0.1925062     -1.1000000E+35  0.1804800      0.1129350       0.000000      0.1129350      0.1804800    
 -1.1000000E+35  0.1925062      0.1436603      0.1129350      0.1436603      0.1925062     -1.1000000E+35
  0.2137912      0.1925062      0.1804800      0.1925062      0.2137912     -1.1000000E+35 -1.1000000E+35
  0.2172450     -1.1000000E+35 -1.1000000E+35 -1.1000000E+35 -1.1000000E+35 -1.1000000E+35 -1.1000000E+35
 -1.1000000E+35 -1.1000000E+35 -1.1000000E+35 -1.1000000E+35 -1.1000000E+35 -1.1000000E+35 -1.1000000E+35
 -1.1000000E+35 -1.1000000E+35 -1.1000000E+35 -1.1000000E+35 -1.1000000E+35 -1.1000000E+35 -1.1000000E+35
 -1.1000000E+35 -1.1000000E+35 -1.1000000E+35 -1.1000000E+35 -1.1000000E+35 -1.1000000E+35 -1.1000000E+35
 -1.1000000E+35 -1.1000000E+35 -1.1000000E+35 -1.1000000E+35 -1.1000000E+35 -1.1000000E+35 -1.1000000E+35
 -1.1000000E+35 -1.1000000E+35  0.2172450      0.2192623     -1.1000000E+35  0.2137912      0.1925062    
  0.1804800      0.1925062     -1.1000000E+35 -1.1000000E+35  0.1925062      0.1436603      0.1129350    
  0.1436603     -1.1000000E+35 -1.1000000E+35  0.1804800      0.1129350       0.000000      0.1129350    
 -1.1000000E+35 -1.1000000E+35  0.1925062      0.1436603      0.1129350      0.1436603     -1.1000000E+35
 -1.1000000E+35  0.2137912      0.1925062      0.1804800      0.1925062     -1.1000000E+35 -1.1000000E+35
 -1.1000000E+35  0.2172450      0.2192623     -1.1000000E+35 -1.1000000E+35 -1.1000000E+35 -1.1000000E+35
 -1.1000000E+35 -1.1000000E+35 -1.1000000E+35 -1.1000000E+35 -1.1000000E+35 -1.1000000E+35 -1.1000000E+35
 -1.1000000E+35 -1.1000000E+35 -1.1000000E+35 -1.1000000E+35 -1.1000000E+35 -1.1000000E+35 -1.1000000E+35
 -1.1000000E+35 -1.1000000E+35 -1.1000000E+35 -1.1000000E+35 -1.1000000E+35 -1.1000000E+35 -1.1000000E+35
 -1.1000000E+35 -1.1000000E+35 -1.1000000E+35 -1.1000000E+35 -1.1000000E+35  0.2200000     -1.1000000E+35
 -1.1000000E+35 -1.1000000E+35  0.2192623      0.2172450     -1.1000000E+35 -1.1000000E+35  0.2137912    
  0.1925062      0.1804800     -1.1000000E+35 -1.1000000E+35 -1.1000000E+35  0.1925062      0.1436603    
  0.1129350     -1.1000000E+35 -1.1000000E+35 -1.1000000E+35  0.1804800      0.1129350       0.000000    
 -1.1000000E+35 -1.1000000E+35 -1.1000000E+35  0.1925062      0.1436603      0.1129350     -1.1000000E+35
 -1.1000000E+35 -1.1000000E+35  0.2137912      0.1925062      0.1804800     -1.1000000E+35 -1.1000000E+35
 -1.1000000E+35  0.2192623      0.2172450     -1.1000000E+35 -1.1000000E+35 -1.1000000E+35  0.2200000    
 -1.1000000E+35 -1.1000000E+35 -1.1000000E+35 -1.1000000E+35 -1.1000000E+35 -1.1000000E+35 -1.1000000E+35
 -1.1000000E+35 -1.1000000E+35 -1.1000000E+35 -1.1000000E+35 -1.1000000E+35 -1.1000000E+35 -1.1000000E+35
 -1.1000000E+35 -1.1000000E+35 -1.1000000E+35 -1.1000000E+35 -1.1000000E+35 -1.1000000E+35 -1.1000000E+35
 -1.1000000E+35 -1.1000000E+35 -1.1000000E+35 -1.1000000E+35 -1.1000000E+35 -1.1000000E+35  0.2200000    
 -1.1000000E+35 -1.1000000E+35 -1.1000000E+35 -1.1000000E+35  0.2172450     -1.1000000E+35 -1.1000000E+35
 -1.1000000E+35 -1.1000000E+35  0.1804800      0.1925062      0.2137912     -1.1000000E+35 -1.1000000E+35
 -1.1000000E+35  0.1129350      0.1436603      0.1925062     -1.1000000E+35 -1.1000000E+35 -1.1000000E+35
   0.000000      0.1129350      0.1804800     -1.1000000E+35 -1.1000000E+35 -1.1000000E+35  0.1129350    
  0.1436603      0.1925062     -1.1000000E+35 -1.1000000E+35 -1.1000000E+35  0.1925062      0.2137912    
 -1.1000000E+35 -1.1000000E+35 -1.1000000E+35  0.2192623      0.2200000     -1.1000000E+35 -1.1000000E+35
 -1.1000000E+35 -1.1000000E+35 -1.1000000E+35 -1.1000000E+35 -1.1000000E+35 -1.1000000E+35 -1.1000000E+35
 -1.1000000E+35 -1.1000000E+35 -1.1000000E+35 -1.1000000E+35 -1.1000000E+35 -1.1000000E+35 -1.1000000E+35
 -1.1000000E+35 -1.1000000E+35 -1.1000000E+35 -1.1000000E+35 -1.1000000E+35 -1.1000000E+35 -1.1000000E+35
 -1.1000000E+35 -1.1000000E+35 -1.1000000E+35 -1.1000000E+35 -1.1000000E+35 -1.1000000E+35  0.2200000    
 -1.1000000E+35 -1.1000000E+35 -1.1000000E+35 -1.1000000E+35  0.2192623      0.2192623     -1.1000000E+35
 -1.1000000E+35 -1.1000000E+35  0.1925062      0.1804800      0.1925062      0.2137912     -1.1000000E+35
 -1.1000000E+35  0.1436603      0.1129350      0.1436603      0.1925062     -1.1000000E+35 -1.1000000E+35
  0.1129350       0.000000      0.1129350      0.1804800     -1.1000000E+35 -1.1000000E+35  0.1436603    
  0.1129350      0.1436603      0.1925062     -1.1000000E+35 -1.1000000E+35  0.1804800      0.1925062    
  0.2137912     -1.1000000E+35 -1.1000000E+35  0.2172450      0.2192623     -1.1000000E+35 -1.1000000E+35
 -1.1000000E+35 -1.1000000E+35 -1.1000000E+35 -1.1000000E+35 -1.1000000E+35 -1.1000000E+35 -1.1000000E+35
 -1.1000000E+35 -1.1000000E+35 -1.1000000E+35 -1.1000000E+35 -1.1000000E+35 -1.1000000E+35 -1.1000000E+35
 -1.1000000E+35 -1.1000000E+35 -1.1000000E+35 -1.1000000E+35 -1.1000000E+35 -1.1000000E+35 -1.1000000E+35
 -1.1000000E+35 -1.1000000E+35 -1.1000000E+35 -1.1000000E+35 -1.1000000E+35 -1.1000000E+35 -1.1000000E+35
 -1.1000000E+35 -1.1000000E+35 -1.1000000E+35 -1.1000000E+35 -1.1000000E+35  0.2172450     -1.1000000E+35
 -1.1000000E+35 -1.1000000E+35  0.2137912      0.1925062      0.1804800      0.1925062      0.2137912    
 -1.1000000E+35  0.1925062      0.1436603      0.1129350      0.1436603      0.1925062     -1.1000000E+35
  0.1804800      0.1129350       0.000000      0.1129350      0.1804800     -1.1000000E+35  0.1925062    
  0.1436603      0.1129350      0.1436603      0.1925062     -1.1000000E+35  0.1925062      0.1804800    
  0.1925062      0.2137912     -1.1000000E+35  0.2192623      0.2172450     -1.1000000E+35 -1.1000000E+35
 -1.1000000E+35 -1.1000000E+35 -1.1000000E+35 -1.1000000E+35 -1.1000000E+35 -1.1000000E+35 -1.1000000E+35
 -1.1000000E+35 -1.1000000E+35 -1.1000000E+35 -1.1000000E+35 -1.1000000E+35 -1.1000000E+35 -1.1000000E+35
 -1.1000000E+35 -1.1000000E+35 -1.1000000E+35 -1.1000000E+35 -1.1000000E+35 -1.1000000E+35 -1.1000000E+35
 -1.1000000E+35 -1.1000000E+35 -1.1000000E+35 -1.1000000E+35 -1.1000000E+35 -1.1000000E+35 -1.1000000E+35
 -1.1000000E+35 -1.1000000E+35 -1.1000000E+35 -1.1000000E+35 -1.1000000E+35 -1.1000000E+35  0.2172450    
 -1.1000000E+35 -1.1000000E+35 -1.1000000E+35  0.2137912      0.1925062      0.1804800      0.1925062    
  0.2137912     -1.1000000E+35  0.1925062      0.1436603      0.1129350      0.1436603      0.1925062    
 -1.1000000E+35  0.1804800      0.1129350       0.000000      0.1129350      0.1804800     -1.1000000E+35
  0.1925062      0.1436603      0.1129350      0.1436603      0.1925062      0.2137912      0.1925062    
  0.1804800      0.1925062      0.2137912     -1.1000000E+35 -1.1000000E+35  0.2172450     -1.1000000E+35
 -1.1000000E+35 -1.1000000E+35 -1.1000000E+35 -1.1000000E+35 -1.1000000E+35 -1.1000000E+35 -1.1000000E+35
 -1.1000000E+35 -1.1000000E+35 -1.1000000E+35 -1.1000000E+35 -1.1000000E+35 -1.1000000E+35 -1.1000000E+35
 -1.1000000E+35 -1.1000000E+35 -1.1000000E+35 -1.1000000E+35 -1.1000000E+35 -1.1000000E+35 -1.1000000E+35
 -1.1000000E+35 -1.1000000E+35 -1.1000000E+35 -1.1000000E+35 -1.1000000E+35 -1.1000000E+35 -1.1000000E+35
 -1.1000000E+35 -1.1000000E+35 -1.1000000E+35 -1.1000000E+35 -1.1000000E+35 -1.1000000E+35 -1.1000000E+35
  0.2172450      0.2192623     -1.1000000E+35 -1.1000000E+35  0.2137912      0.1925062      0.1804800    
  0.1925062     -1.1000000E+35 -1.1000000E+35  0.1925062      0.1436603      0.1129350      0.1436603    
 -1.1000000E+35 -1.1000000E+35  0.1804800      0.1129350       0.000000      0.1129350     -1.1000000E+35
 -1.1000000E+35  0.1925062      0.1436603      0.1129350      0.1436603     -1.1000000E+35  0.2137912    
  0.1925062      0.1804800      0.1925062     -1.1000000E+35 -1.1000000E+35 -1.1000000E+35  0.2172450    
 -1.1000000E+35 -1.1000000E+35 -1.1000000E+35 -1.1000000E+35 -1.1000000E+35 -1.1000000E+35 -1.1000000E+35
 -1.1000000E+35 -1.1000000E+35 -1.1000000E+35 -1.1000000E+35 -1.1000000E+35 -1.1000000E+35 -1.1000000E+35
 -1.1000000E+35 -1.1000000E+35 -1.1000000E+35 -1.1000000E+35 -1.1000000E+35 -1.1000000E+35 -1.1000000E+35
 -1.1000000E+35 -1.1000000E+35 -1.1000000E+35 -1.1000000E+35 -1.1000000E+35 -1.1000000E+35 -1.1000000E+35
 -1.1000000E+35 -1.1000000E+35 -1.1000000E+35  0.2200000     -1.1000000E+35 -1.1000000E+35 -1.1000000E+35
  0.2192623      0.2172450     -1.1000000E+35 -1.1000000E+35 -1.1000000E+35  0.2137912      0.1925062    
  0.1804800     -1.1000000E+35 -1.1000000E+35 -1.1000000E+35  0.1925062      0.1436603      0.1129350    
 -1.1000000E+35 -1.1000000E+35 -1.1000000E+35  0.1804800      0.1129350       0.000000     -1.1000000E+35
 -1.1000000E+35 -1.1000000E+35  0.1925062      0.1436603      0.1129350     -1.1000000E+35 -1.1000000E+35
  0.2137912      0.1925062      0.1804800     -1.1000000E+35 -1.1000000E+35  0.2200000      0.2192623    
 -1.1000000E+35 -1.1000000E+35 -1.1000000E+35 -1.1000000E+35 -1.1000000E+35 -1.1000000E+35 -1.1000000E+35
 -1.1000000E+35 -1.1000000E+35 -1.1000000E+35 -1.1000000E+35 -1.1000000E+35 -1.1000000E+35 -1.1000000E+35
 -1.1000000E+35 -1.1000000E+35 -1.1000000E+35 -1.1000000E+35 -1.1000000E+35 -1.1000000E+35 -1.1000000E+35
 -1.1000000E+35 -1.1000000E+35 -1.1000000E+35 -1.1000000E+35 -1.1000000E+35 -1.1000000E+35 -1.1000000E+35
 -1.1000000E+35 -1.1000000E+35 -1.1000000E+35 -1.1000000E+35  0.2200000     -1.1000000E+35 -1.1000000E+35
 -1.1000000E+35 -1.1000000E+35  0.2172450      0.2192623     -1.1000000E+35 -1.1000000E+35 -1.1000000E+35
 -1.1000000E+35  0.1804800      0.1925062      0.2137912     -1.1000000E+35 -1.1000000E+35 -1.1000000E+35
  0.1129350      0.1436603      0.1925062     -1.1000000E+35 -1.1000000E+35 -1.1000000E+35   0.000000    
  0.1129350      0.1804800     -1.1000000E+35 -1.1000000E+35 -1.1000000E+35  0.1436603      0.1925062    
  0.2192623     -1.1000000E+35 -1.1000000E+35  0.1925062      0.2137912      0.2200000     -1.1000000E+35
 -1.1000000E+35 -1.1000000E+35 -1.1000000E+35 -1.1000000E+35 -1.1000000E+35 -1.1000000E+35 -1.1000000E+35
 -1.1000000E+35 -1.1000000E+35 -1.1000000E+35 -1.1000000E+35 -1.1000000E+35 -1.1000000E+35 -1.1000000E+35
 -1.1000000E+35 -1.1000000E+35 -1.1000000E+35 -1.1000000E+35 -1.1000000E+35 -1.1000000E+35 -1.1000000E+35
 -1.1000000E+35 -1.1000000E+35 -1.1000000E+35 -1.1000000E+35 -1.1000000E+35 -1.1000000E+35 -1.1000000E+35
 -1.1000000E+35 -1.1000000E+35 -1.1000000E+35 -1.1000000E+35 -1.1000000E+35 -1.1000000E+35 -1.1000000E+35
 -1.1000000E+35 -1.1000000E+35  0.2192623      0.2172450     -1.1000000E+35 -1.1000000E+35 -1.1000000E+35
 -1.1000000E+35  0.1925062      0.1804800      0.1925062      0.2137912     -1.1000000E+35 -1.1000000E+35
  0.1436603      0.1129350      0.1436603      0.1925062     -1.1000000E+35 -1.1000000E+35  0.1129350    
   0.000000      0.1129350      0.1804800     -1.1000000E+35 -1.1000000E+35  0.1129350      0.1436603    
  0.1925062     -1.1000000E+35 -1.1000000E+35  0.1804800      0.1925062      0.2137912     -1.1000000E+35
 -1.1000000E+35 -1.1000000E+35 -1.1000000E+35 -1.1000000E+35 -1.1000000E+35 -1.1000000E+35 -1.1000000E+35
 -1.1000000E+35 -1.1000000E+35 -1.1000000E+35 -1.1000000E+35 -1.1000000E+35 -1.1000000E+35 -1.1000000E+35
 -1.1000000E+35 -1.1000000E+35 -1.1000000E+35 -1.1000000E+35 -1.1000000E+35 -1.1000000E+35 -1.1000000E+35
 -1.1000000E+35 -1.1000000E+35 -1.1000000E+35 -1.1000000E+35 -1.1000000E+35 -1.1000000E+35 -1.1000000E+35
 -1.1000000E+35 -1.1000000E+35 -1.1000000E+35 -1.1000000E+35 -1.1000000E+35 -1.1000000E+35 -1.1000000E+35
 -1.1000000E+35 -1.1000000E+35 -1.1000000E+35 -1.1000000E+35  0.2172450     -1.1000000E+35 -1.1000000E+35
 -1.1000000E+35  0.2137912      0.1925062      0.1804800      0.1925062      0.2137912     -1.1000000E+35
  0.1925062      0.1436603      0.1129350      0.1436603      0.1925062     -1.1000000E+35  0.1804800    
  0.1129350       0.000000      0.1129350      0.1804800     -1.1000000E+35  0.1436603      0.1129350    
  0.1436603      0.1925062     -1.1000000E+35  0.1925062      0.1804800      0.1925062      0.2137912    
 -1.1000000E+35 -1.1000000E+35 -1.1000000E+35 -1.1000000E+35 -1.1000000E+35 -1.1000000E+35 -1.1000000E+35
 -1.1000000E+35 -1.1000000E+35 -1.1000000E+35 -1.1000000E+35 -1.1000000E+35 -1.1000000E+35 -1.1000000E+35
 -1.1000000E+35 -1.1000000E+35 -1.1000000E+35 -1.1000000E+35 -1.1000000E+35 -1.1000000E+35 -1.1000000E+35
 -1.1000000E+35 -1.1000000E+35 -1.1000000E+35 -1.1000000E+35 -1.1000000E+35 -1.1000000E+35 -1.1000000E+35
 -1.1000000E+35 -1.1000000E+35 -1.1000000E+35 -1.1000000E+35 -1.1000000E+35 -1.1000000E+35 -1.1000000E+35
 -1.1000000E+35 -1.1000000E+35 -1.1000000E+35 -1.1000000E+35 -1.1000000E+35  0.2172450     -1.1000000E+35
 -1.1000000E+35 -1.1000000E+35  0.2137912      0.1925062      0.1804800      0.1925062      0.2137912    
 -1.1000000E+35  0.1925062      0.1436603      0.1129350      0.1436603      0.1925062     -1.1000000E+35
  0.1804800      0.1129350       0.000000      0.1129350      0.1804800      0.1925062      0.1436603    
  0.1129350      0.1436603      0.1925062      0.2137912      0.1925062      0.1804800      0.1925062    
 -1.1000000E+35 -1.1000000E+35 -1.1000000E+35 -1.1000000E+35 -1.1000000E+35 -1.1000000E+35 -1.1000000E+35
 -1.1000000E+35 -1.1000000E+35 -1.1000000E+35 -1.1000000E+35 -1.1000000E+35 -1.1000000E+35 -1.1000000E+35
 -1.1000000E+35 -1.1000000E+35 -1.1000000E+35 -1.1000000E+35 -1.1000000E+35 -1.1000000E+35 -1.1000000E+35
 -1.1000000E+35 -1.1000000E+35 -1.1000000E+35 -1.1000000E+35 -1.1000000E+35 -1.1000000E+35 -1.1000000E+35
 -1.1000000E+35 -1.1000000E+35 -1.1000000E+35 -1.1000000E+35 -1.1000000E+35 -1.1000000E+35 -1.1000000E+35
 -1.1000000E+35 -1.1000000E+35 -1.1000000E+35 -1.1000000E+35 -1.1000000E+35 -1.1000000E+35  0.2172450    
  0.2192623     -1.1000000E+35 -1.1000000E+35  0.2137912      0.1925062      0.1804800      0.1925062    
 -1.1000000E+35 -1.1000000E+35  0.1925062      0.1436603      0.1129350      0.1436603     -1.1000000E+35
 -1.1000000E+35  0.1804800      0.1129350       0.000000      0.1129350     -1.1000000E+35  0.1925062    
  0.1436603      0.1129350      0.1436603     -1.1000000E+35  0.2137912      0.1925062      0.1804800    
 -1.1000000E+35 -1.1000000E+35 -1.1000000E+35 -1.1000000E+35 -1.1000000E+35 -1.1000000E+35 -1.1000000E+35
 -1.1000000E+35 -1.1000000E+35 -1.1000000E+35 -1.1000000E+35 -1.1000000E+35 -1.1000000E+35 -1.1000000E+35
 -1.1000000E+35 -1.1000000E+35 -1.1000000E+35 -1.1000000E+35 -1.1000000E+35 -1.1000000E+35 -1.1000000E+35
 -1.1000000E+35 -1.1000000E+35 -1.1000000E+35 -1.1000000E+35 -1.1000000E+35 -1.1000000E+35 -1.1000000E+35
 -1.1000000E+35 -1.1000000E+35 -1.1000000E+35 -1.1000000E+35 -1.1000000E+35 -1.1000000E+35 -1.1000000E+35
 -1.1000000E+35  0.2200000     -1.1000000E+35 -1.1000000E+35 -1.1000000E+35 -1.1000000E+35  0.2192623    
  0.2172450     -1.1000000E+35 -1.1000000E+35 -1.1000000E+35  0.2137912      0.1925062      0.1804800    
 -1.1000000E+35 -1.1000000E+35 -1.1000000E+35  0.1925062      0.1436603      0.1129350     -1.1000000E+35
 -1.1000000E+35 -1.1000000E+35  0.1804800      0.1129350       0.000000     -1.1000000E+35 -1.1000000E+35
  0.1925062      0.1436603      0.1129350     -1.1000000E+35  0.2200000      0.2137912      0.1925062    
 -1.1000000E+35 -1.1000000E+35 -1.1000000E+35 -1.1000000E+35 -1.1000000E+35 -1.1000000E+35 -1.1000000E+35
 -1.1000000E+35 -1.1000000E+35 -1.1000000E+35 -1.1000000E+35 -1.1000000E+35 -1.1000000E+35 -1.1000000E+35
 -1.1000000E+35 -1.1000000E+35 -1.1000000E+35 -1.1000000E+35 -1.1000000E+35 -1.1000000E+35 -1.1000000E+35
 -1.1000000E+35 -1.1000000E+35 -1.1000000E+35 -1.1000000E+35 -1.1000000E+35 -1.1000000E+35 -1.1000000E+35
 -1.1000000E+35 -1.1000000E+35 -1.1000000E+35 -1.1000000E+35 -1.1000000E+35 -1.1000000E+35 -1.1000000E+35
 -1.1000000E+35 -1.1000000E+35  0.2200000     -1.1000000E+35 -1.1000000E+35 -1.1000000E+35 -1.1000000E+35
 -1.1000000E+35  0.2192623      0.2172450     -1.1000000E+35 -1.1000000E+35 -1.1000000E+35 -1.1000000E+35
  0.1925062      0.1804800      0.1925062      0.2137912     -1.1000000E+35 -1.1000000E+35  0.1436603    
  0.1129350      0.1436603      0.1925062     -1.1000000E+35 -1.1000000E+35   0.000000      0.1129350    
  0.1804800      0.2172450     -1.1000000E+35  0.1129350      0.1436603      0.1925062      0.2192623    
 -1.1000000E+35 -1.1000000E+35 -1.1000000E+35 -1.1000000E+35 -1.1000000E+35 -1.1000000E+35 -1.1000000E+35
 -1.1000000E+35 -1.1000000E+35 -1.1000000E+35 -1.1000000E+35 -1.1000000E+35 -1.1000000E+35 -1.1000000E+35
 -1.1000000E+35 -1.1000000E+35 -1.1000000E+35 -1.1000000E+35 -1.1000000E+35 -1.1000000E+35 -1.1000000E+35
 -1.1000000E+35 -1.1000000E+35 -1.1000000E+35 -1.1000000E+35 -1.1000000E+35 -1.1000000E+35 -1.1000000E+35
 -1.1000000E+35 -1.1000000E+35 -1.1000000E+35 -1.1000000E+35 -1.1000000E+35 -1.1000000E+35 -1.1000000E+35
 -1.1000000E+35 -1.1000000E+35 -1.1000000E+35 -1.1000000E+35 -1.1000000E+35 -1.1000000E+35 -1.1000000E+35
 -1.1000000E+35  0.2200000     -1.1000000E+35  0.2172450     -1.1000000E+35 -1.1000000E+35 -1.1000000E+35
  0.2137912      0.1925062      0.1804800      0.1925062      0.2137912     -1.1000000E+35  0.1925062    
  0.1436603      0.1129350      0.1436603      0.1925062     -1.1000000E+35  0.1129350       0.000000    
  0.1129350      0.1804800      0.2172450      0.1436603      0.1129350      0.1436603      0.1925062    
 -1.1000000E+35 -1.1000000E+35 -1.1000000E+35 -1.1000000E+35 -1.1000000E+35 -1.1000000E+35 -1.1000000E+35
 -1.1000000E+35 -1.1000000E+35 -1.1000000E+35 -1.1000000E+35 -1.1000000E+35 -1.1000000E+35 -1.1000000E+35
 -1.1000000E+35 -1.1000000E+35 -1.1000000E+35 -1.1000000E+35 -1.1000000E+35 -1.1000000E+35 -1.1000000E+35
 -1.1000000E+35 -1.1000000E+35 -1.1000000E+35 -1.1000000E+35 -1.1000000E+35 -1.1000000E+35 -1.1000000E+35
 -1.1000000E+35 -1.1000000E+35 -1.1000000E+35 -1.1000000E+35 -1.1000000E+35 -1.1000000E+35 -1.1000000E+35
 -1.1000000E+35 -1.1000000E+35 -1.1000000E+35 -1.1000000E+35 -1.1000000E+35 -1.1000000E+35 -1.1000000E+35
 -1.1000000E+35 -1.1000000E+35 -1.1000000E+35 -1.1000000E+35  0.2172450     -1.1000000E+35 -1.1000000E+35
 -1.1000000E+35  0.2137912      0.1925062      0.1804800      0.1925062      0.2137912      0.2192623    
  0.1925062      0.1436603      0.1129350      0.1436603      0.1925062      0.1804800      0.1129350    
   0.000000      0.1129350      0.1804800      0.1925062      0.1436603      0.1129350      0.1436603    
 -1.1000000E+35 -1.1000000E+35 -1.1000000E+35 -1.1000000E+35 -1.1000000E+35 -1.1000000E+35 -1.1000000E+35
 -1.1000000E+35 -1.1000000E+35 -1.1000000E+35 -1.1000000E+35 -1.1000000E+35 -1.1000000E+35 -1.1000000E+35
 -1.1000000E+35 -1.1000000E+35 -1.1000000E+35 -1.1000000E+35 -1.1000000E+35 -1.1000000E+35 -1.1000000E+35
 -1.1000000E+35 -1.1000000E+35 -1.1000000E+35 -1.1000000E+35 -1.1000000E+35 -1.1000000E+35 -1.1000000E+35
 -1.1000000E+35 -1.1000000E+35 -1.1000000E+35 -1.1000000E+35 -1.1000000E+35 -1.1000000E+35 -1.1000000E+35
 -1.1000000E+35 -1.1000000E+35 -1.1000000E+35 -1.1000000E+35 -1.1000000E+35 -1.1000000E+35 -1.1000000E+35
 -1.1000000E+35 -1.1000000E+35 -1.1000000E+35 -1.1000000E+35 -1.1000000E+35  0.2172450      0.2192623    
 -1.1000000E+35 -1.1000000E+35  0.2137912      0.1925062      0.1804800      0.1925062     -1.1000000E+35
 -1.1000000E+35  0.1925062      0.1436603      0.1129350      0.1436603      0.2172450      0.1804800    
  0.1129350       0.000000      0.1129350      0.2192623      0.1925062      0.1436603      0.1129350    
 -1.1000000E+35 -1.1000000E+35 -1.1000000E+35 -1.1000000E+35 -1.1000000E+35 -1.1000000E+35 -1.1000000E+35
 -1.1000000E+35 -1.1000000E+35 -1.1000000E+35 -1.1000000E+35 -1.1000000E+35 -1.1000000E+35 -1.1000000E+35
 -1.1000000E+35 -1.1000000E+35 -1.1000000E+35 -1.1000000E+35 -1.1000000E+35 -1.1000000E+35 -1.1000000E+35
 -1.1000000E+35 -1.1000000E+35 -1.1000000E+35 -1.1000000E+35 -1.1000000E+35 -1.1000000E+35 -1.1000000E+35
 -1.1000000E+35 -1.1000000E+35 -1.1000000E+35 -1.1000000E+35 -1.1000000E+35 -1.1000000E+35 -1.1000000E+35
 -1.1000000E+35 -1.1000000E+35 -1.1000000E+35 -1.1000000E+35 -1.1000000E+35 -1.1000000E+35 -1.1000000E+35
  0.2200000     -1.1000000E+35 -1.1000000E+35 -1.1000000E+35 -1.1000000E+35  0.2192623      0.2172450    
 -1.1000000E+35 -1.1000000E+35 -1.1000000E+35  0.2137912      0.1925062      0.1804800     -1.1000000E+35
 -1.1000000E+35 -1.1000000E+35  0.1925062      0.1436603      0.1129350     -1.1000000E+35  0.2172450    
  0.1804800      0.1129350       0.000000     -1.1000000E+35  0.2192623      0.1925062      0.1436603    
 -1.1000000E+35 -1.1000000E+35 -1.1000000E+35 -1.1000000E+35 -1.1000000E+35 -1.1000000E+35 -1.1000000E+35
 -1.1000000E+35 -1.1000000E+35 -1.1000000E+35 -1.1000000E+35 -1.1000000E+35 -1.1000000E+35 -1.1000000E+35
 -1.1000000E+35 -1.1000000E+35 -1.1000000E+35 -1.1000000E+35 -1.1000000E+35 -1.1000000E+35 -1.1000000E+35
 -1.1000000E+35 -1.1000000E+35 -1.1000000E+35 -1.1000000E+35 -1.1000000E+35 -1.1000000E+35 -1.1000000E+35
 -1.1000000E+35 -1.1000000E+35 -1.1000000E+35 -1.1000000E+35 -1.1000000E+35 -1.1000000E+35 -1.1000000E+35
 -1.1000000E+35 -1.1000000E+35 -1.1000000E+35 -1.1000000E+35 -1.1000000E+35 -1.1000000E+35 -1.1000000E+35
 -1.1000000E+35  0.2200000      0.2200000     -1.1000000E+35 -1.1000000E+35 -1.1000000E+35 -1.1000000E+35
  0.2192623      0.2172450      0.2192623     -1.1000000E+35 -1.1000000E+35 -1.1000000E+35  0.1925062    
  0.1804800      0.1925062      0.2137912     -1.1000000E+35 -1.1000000E+35  0.1129350      0.1436603    
  0.1925062      0.2192623     -1.1000000E+35   0.000000      0.1129350      0.1804800      0.2172450    
 -1.1000000E+35 -1.1000000E+35 -1.1000000E+35 -1.1000000E+35 -1.1000000E+35 -1.1000000E+35 -1.1000000E+35
 -1.1000000E+35 -1.1000000E+35 -1.1000000E+35 -1.1000000E+35 -1.1000000E+35 -1.1000000E+35 -1.1000000E+35
 -1.1000000E+35 -1.1000000E+35 -1.1000000E+35 -1.1000000E+35 -1.1000000E+35 -1.1000000E+35 -1.1000000E+35
 -1.1000000E+35 -1.1000000E+35 -1.1000000E+35 -1.1000000E+35 -1.1000000E+35 -1.1000000E+35 -1.1000000E+35
 -1.1000000E+35 -1.1000000E+35 -1.1000000E+35 -1.1000000E+35 -1.1000000E+35 -1.1000000E+35 -1.1000000E+35
 -1.1000000E+35 -1.1000000E+35 -1.1000000E+35 -1.1000000E+35 -1.1000000E+35 -1.1000000E+35 -1.1000000E+35
 -1.1000000E+35 -1.1000000E+35 -1.1000000E+35 -1.1000000E+35 -1.1000000E+35 -1.1000000E+35 -1.1000000E+35
  0.2200000      0.2192623      0.2172450     -1.1000000E+35 -1.1000000E+35 -1.1000000E+35  0.2137912    
  0.1925062      0.1804800      0.1925062      0.2137912      0.2200000      0.1436603      0.1129350    
  0.1436603      0.1925062      0.2192623      0.1129350       0.000000      0.1129350      0.1804800    
 -1.1000000E+35 -1.1000000E+35 -1.1000000E+35 -1.1000000E+35 -1.1000000E+35 -1.1000000E+35 -1.1000000E+35
 -1.1000000E+35 -1.1000000E+35 -1.1000000E+35 -1.1000000E+35 -1.1000000E+35 -1.1000000E+35 -1.1000000E+35
 -1.1000000E+35 -1.1000000E+35 -1.1000000E+35 -1.1000000E+35 -1.1000000E+35 -1.1000000E+35 -1.1000000E+35
 -1.1000000E+35 -1.1000000E+35 -1.1000000E+35 -1.1000000E+35 -1.1000000E+35 -1.1000000E+35 -1.1000000E+35
 -1.1000000E+35 -1.1000000E+35 -1.1000000E+35 -1.1000000E+35 -1.1000000E+35 -1.1000000E+35 -1.1000000E+35
 -1.1000000E+35 -1.1000000E+35 -1.1000000E+35 -1.1000000E+35 -1.1000000E+35 -1.1000000E+35 -1.1000000E+35
 -1.1000000E+35 -1.1000000E+35 -1.1000000E+35 -1.1000000E+35 -1.1000000E+35 -1.1000000E+35 -1.1000000E+35
 -1.1000000E+35 -1.1000000E+35 -1.1000000E+35  0.2172450     -1.1000000E+35  0.2200000      0.2200000    
  0.2137912      0.1925062      0.1804800      0.1925062      0.2137912      0.1925062      0.1436603    
  0.1129350      0.1436603      0.1925062      0.1804800      0.1129350       0.000000      0.1129350    
 -1.1000000E+35 -1.1000000E+35 -1.1000000E+35 -1.1000000E+35 -1.1000000E+35 -1.1000000E+35 -1.1000000E+35
 -1.1000000E+35 -1.1000000E+35 -1.1000000E+35 -1.1000000E+35 -1.1000000E+35 -1.1000000E+35 -1.1000000E+35
 -1.1000000E+35 -1.1000000E+35 -1.1000000E+35 -1.1000000E+35 -1.1000000E+35 -1.1000000E+35 -1.1000000E+35
 -1.1000000E+35 -1.1000000E+35 -1.1000000E+35 -1.1000000E+35 -1.1000000E+35 -1.1000000E+35 -1.1000000E+35
 -1.1000000E+35 -1.1000000E+35 -1.1000000E+35 -1.1000000E+35 -1.1000000E+35 -1.1000000E+35 -1.1000000E+35
 -1.1000000E+35 -1.1000000E+35 -1.1000000E+35 -1.1000000E+35 -1.1000000E+35 -1.1000000E+35 -1.1000000E+35
 -1.1000000E+35 -1.1000000E+35 -1.1000000E+35 -1.1000000E+35 -1.1000000E+35 -1.1000000E+35  0.2200000    
 -1.1000000E+35 -1.1000000E+35 -1.1000000E+35 -1.1000000E+35  0.2172450      0.2192623     -1.1000000E+35
 -1.1000000E+35  0.2137912      0.1925062      0.1804800      0.1925062      0.2192623      0.1925062    
  0.1436603      0.1129350      0.1436603      0.2172450      0.1804800      0.1129350       0.000000    
