  5.738004E-01  5.358026E-01  5.024715E-01  4.829622E-01  4.708799E-01  4.687022E-01  4.677795E-01
  4.677795E-01  4.589626E-01  4.677795E-01  4.677795E-01  4.589626E-01  4.677795E-01  4.677795E-01
  4.687022E-01  4.717280E-01  4.829622E-01  5.124929E-01  5.517582E-01  5.989891E-01
  5.316123E-01  4.666975E-01  4.081369E-01  3.932712E-01  3.825893E-01  3.703162E-01  3.769238E-01
  3.769238E-01  3.640352E-01  3.769238E-01  3.769238E-01  3.640352E-01  3.769238E-01  3.769238E-01
  3.682986E-01  3.828046E-01  3.969221E-01  4.157064E-01  4.792001E-01  5.517582E-01
  4.986393E-01  4.061767E-01  0.000000E+00  3.144889E-01  3.071358E-01  0.000000E+00  3.000709E-01
  3.000709E-01  5.888610E-10  3.000709E-01  3.000709E-01  5.888610E-10  3.000709E-01  3.000709E-01
  5.888610E-10  3.054612E-01  3.143747E-01  0.000000E+00  4.157064E-01  5.124929E-01
  4.794485E-01  3.916193E-01  3.142906E-01  2.929580E-01  2.821465E-01  2.681635E-01  2.795069E-01
  2.783392E-01  2.643455E-01  2.783392E-01  2.783392E-01  2.643455E-01  2.783392E-01  2.783392E-01
  2.643455E-01  2.779183E-01  2.897684E-01  3.143747E-01  3.969221E-01  4.829622E-01
  4.676379E-01  3.812095E-01  3.077285E-01  2.829408E-01  2.722566E-01  2.605382E-01  2.719458E-01
  2.708706E-01  2.564524E-01  2.662145E-01  2.662145E-01  2.564524E-01  2.662145E-01  2.662145E-01
  2.564524E-01  2.662145E-01  2.779183E-01  3.054612E-01  3.828046E-01  4.717280E-01
  4.593050E-01  3.666717E-01  0.000000E+00  2.722687E-01  2.658195E-01  0.000000E+00  2.738132E-01
  2.708769E-01  0.000000E+00  2.564524E-01  2.564524E-01  0.000000E+00  2.564524E-01  2.564524E-01
  0.000000E+00  2.564524E-01  2.643455E-01  5.888610E-10  3.682986E-01  4.687022E-01
  4.557187E-01  3.739371E-01  3.026550E-01  2.854054E-01  2.830011E-01  2.859816E-01  2.921073E-01
  2.934490E-01  2.687964E-01  2.708706E-01  2.662145E-01  2.574402E-01  2.662145E-01  2.662145E-01
  2.574402E-01  2.662145E-01  2.783392E-01  3.000709E-01  3.769238E-01  4.677795E-01
  4.553750E-01  3.731249E-01  3.041618E-01  2.939234E-01  3.060628E-01  2.962282E-01  3.084425E-01
  2.895887E-01  2.738132E-01  2.719458E-01  2.662145E-01  2.564524E-01  2.662145E-01  2.662145E-01
  2.564524E-01  2.662145E-01  2.783392E-01  3.000709E-01  3.769238E-01  4.677795E-01
  4.532604E-01  3.637963E-01  0.000000E+00  2.809362E-01  3.052829E-01  3.123241E-01  3.047152E-01
  2.915854E-01  0.000000E+00  2.622573E-01  2.564524E-01  0.000000E+00  2.564524E-01  2.564524E-01
  0.000000E+00  2.564524E-01  2.643455E-01  0.000000E+00  3.640352E-01  4.589626E-01
  4.503641E-01  3.721791E-01  3.059218E-01  2.945467E-01  3.109422E-01  3.193447E-01  3.170219E-01
  3.062203E-01  2.873150E-01  2.783392E-01  2.662145E-01  2.574402E-01  2.662145E-01  2.662145E-01
  2.574402E-01  2.662145E-01  2.783392E-01  3.000709E-01  3.769238E-01  4.677795E-01
  4.511603E-01  3.725633E-01  3.067688E-01  2.948723E-01  3.116914E-01  3.200842E-01  3.257454E-01
  3.054086E-01  2.908875E-01  2.783392E-01  2.662145E-01  2.564524E-01  2.662145E-01  2.662145E-01
  2.564524E-01  2.662145E-01  2.783392E-01  3.000709E-01  3.769238E-01  4.677795E-01
  4.520081E-01  3.632199E-01  0.000000E+00  2.930006E-01  3.160338E-01  3.318896E-01  3.282803E-01
  3.030751E-01  0.000000E+00  2.643455E-01  2.564524E-01  0.000000E+00  2.564524E-01  2.564524E-01
  0.000000E+00  2.564524E-01  2.643455E-01  0.000000E+00  3.640352E-01  4.589626E-01
  4.491445E-01  3.711227E-01  3.072572E-01  3.006927E-01  3.197671E-01  3.283846E-01  3.362400E-01
  3.025489E-01  3.000709E-01  2.783392E-01  2.662145E-01  2.574402E-01  2.662145E-01  2.662145E-01
  2.574402E-01  2.662145E-01  2.783392E-01  3.000709E-01  3.769238E-01  4.677795E-01
  4.491445E-01  3.711227E-01  3.072572E-01  3.049156E-01  3.197671E-01  3.283846E-01  3.362400E-01
  3.025489E-01  3.000709E-01  2.783392E-01  2.662145E-01  2.564524E-01  2.662145E-01  2.662145E-01
  2.564524E-01  2.662145E-01  2.783392E-01  3.000709E-01  3.769238E-01  4.677795E-01
  4.497783E-01  3.619852E-01  0.000000E+00  2.930006E-01  3.223303E-01  3.390231E-01  3.282803E-01
  3.030751E-01  0.000000E+00  2.643455E-01  2.564524E-01  0.000000E+00  2.564524E-01  2.564524E-01
  0.000000E+00  2.564524E-01  2.643455E-01  0.000000E+00  3.640352E-01  4.589626E-01
  4.491445E-01  3.711227E-01  3.072572E-01  3.006927E-01  3.197671E-01  3.283846E-01  3.362400E-01
  3.025489E-01  3.000709E-01  2.783392E-01  2.662145E-01  2.574402E-01  2.662145E-01  2.662145E-01
  2.574402E-01  2.662145E-01  2.783392E-01  3.000709E-01  3.769238E-01  4.677795E-01
  4.491445E-01  3.725282E-01  3.072572E-01  3.049156E-01  3.197671E-01  3.283846E-01  3.362400E-01
  3.025489E-01  3.000709E-01  2.783392E-01  2.662145E-01  2.564524E-01  2.662145E-01  2.662145E-01
  2.564524E-01  2.662145E-01  2.783392E-01  3.000709E-01  3.769238E-01  4.677795E-01
  4.521962E-01  3.636579E-01  0.000000E+00  2.930006E-01  3.160338E-01  3.318896E-01  3.282803E-01
  3.030751E-01  0.000000E+00  2.643455E-01  2.564524E-01  0.000000E+00  2.564524E-01  2.564524E-01
  0.000000E+00  2.564524E-01  2.643455E-01  0.000000E+00  3.640352E-01  4.589626E-01
  4.511603E-01  3.725633E-01  3.067688E-01  2.948723E-01  3.116914E-01  3.200842E-01  3.257454E-01
  3.025489E-01  3.000709E-01  2.783392E-01  2.662145E-01  2.574402E-01  2.662145E-01  2.662145E-01
  2.574402E-01  2.662145E-01  2.783392E-01  3.000709E-01  3.769238E-01  4.677795E-01
  4.503641E-01  3.721791E-01  3.059218E-01  2.945467E-01  3.109422E-01  3.193447E-01  3.170219E-01
  3.062203E-01  2.873150E-01  2.783392E-01  2.662145E-01  2.564524E-01  2.662145E-01  2.662145E-01
  2.564524E-01  2.662145E-01  2.783392E-01  3.000709E-01  3.769238E-01  4.677795E-01
  4.532604E-01  3.637963E-01  0.000000E+00  2.852666E-01  3.052829E-01  3.123241E-01  3.047152E-01
  2.915854E-01  0.000000E+00  2.622573E-01  2.564524E-01  0.000000E+00  2.564524E-01  2.564524E-01
  0.000000E+00  2.564524E-01  2.643455E-01  0.000000E+00  3.640352E-01  4.589626E-01
  4.553750E-01  3.731249E-01  3.041618E-01  2.939234E-01  3.060628E-01  2.962282E-01  3.084425E-01
  2.895887E-01  2.738132E-01  2.719458E-01  2.662145E-01  2.574402E-01  2.662145E-01  2.662145E-01
  2.574402E-01  2.662145E-01  2.783392E-01  3.000709E-01  3.769238E-01  4.677795E-01
  4.543563E-01  3.723041E-01  3.026550E-01  2.854054E-01  2.830011E-01  2.859816E-01  2.921073E-01
  2.934490E-01  2.686944E-01  2.708706E-01  2.662145E-01  2.564524E-01  2.662145E-01  2.662145E-01
  2.564524E-01  2.662145E-01  2.783392E-01  3.000709E-01  3.769238E-01  4.677795E-01
  4.572037E-01  3.627241E-01  0.000000E+00  2.722687E-01  2.658195E-01  0.000000E+00  2.667574E-01
  2.708769E-01  0.000000E+00  2.574402E-01  2.564524E-01  0.000000E+00  2.564524E-01  2.564524E-01
  0.000000E+00  2.564524E-01  2.643455E-01  0.000000E+00  3.640352E-01  4.589626E-01
  4.596792E-01  3.732607E-01  3.016265E-01  2.814221E-01  2.718962E-01  2.622573E-01  2.718962E-01
  2.706881E-01  2.574402E-01  2.662145E-01  2.662145E-01  2.574402E-01  2.662145E-01  2.662145E-01
  2.574402E-01  2.662145E-01  2.783392E-01  3.000709E-01  3.769238E-01  4.677795E-01
  4.603133E-01  3.730295E-01  3.000906E-01  2.783392E-01  2.662145E-01  2.564524E-01  2.662145E-01
  2.662145E-01  2.564524E-01  2.662145E-01  2.662145E-01  2.564524E-01  2.662145E-01  2.662145E-01
  2.564524E-01  2.662145E-01  2.783392E-01  3.000709E-01  3.769238E-01  4.677795E-01
  4.589626E-01  3.640352E-01  0.000000E+00  2.643455E-01  2.564524E-01  0.000000E+00  2.564524E-01
  2.564524E-01  0.000000E+00  2.564524E-01  2.564524E-01  0.000000E+00  2.564524E-01  2.564524E-01
  0.000000E+00  2.564524E-01  2.643455E-01  0.000000E+00  3.640352E-01  4.589626E-01
  4.677795E-01  3.769238E-01  3.000709E-01  2.783392E-01  2.662145E-01  2.574402E-01  2.662145E-01
  2.662145E-01  2.574402E-01  2.662145E-01  2.662145E-01  2.574402E-01  2.662145E-01  2.662145E-01
  2.574402E-01  2.662145E-01  2.783392E-01  3.000709E-01  3.769238E-01  4.677795E-01
  4.677795E-01  3.769238E-01  3.000709E-01  2.783392E-01  2.662145E-01  2.564524E-01  2.662145E-01
  2.662145E-01  2.564524E-01  2.662145E-01  2.662145E-01  2.564524E-01  2.662145E-01  2.662145E-01
  2.564524E-01  2.662145E-01  2.783392E-01  3.000709E-01  3.769238E-01  4.677795E-01
  4.651624E-01  3.682986E-01  5.888610E-10  2.643455E-01  2.564524E-01  0.000000E+00  2.564524E-01
  2.564524E-01  0.000000E+00  2.564524E-01  2.564524E-01  0.000000E+00  2.564524E-01  2.564524E-01
  0.000000E+00  2.564524E-01  2.643455E-01  0.000000E+00  3.640352E-01  4.589626E-01
  4.720972E-01  3.822517E-01  3.056217E-01  2.796821E-01  2.662145E-01  2.574402E-01  2.662145E-01
  2.662145E-01  2.574402E-01  2.662145E-01  2.662145E-01  2.574402E-01  2.662145E-01  2.662145E-01
  2.574402E-01  2.662145E-01  2.783392E-01  3.000709E-01  3.769238E-01  4.677795E-01
  4.848585E-01  3.924373E-01  3.106434E-01  2.843561E-01  2.706881E-01  2.564524E-01  2.662145E-01
  2.662145E-01  2.564524E-01  2.662145E-01  2.662145E-01  2.564524E-01  2.662145E-01  2.662145E-01
  2.564524E-01  2.662145E-01  2.783392E-01  3.000709E-01  3.769238E-01  4.677795E-01
  4.912660E-01  3.932539E-01  0.000000E+00  2.871339E-01  2.708769E-01  0.000000E+00  2.564524E-01
  2.564524E-01  0.000000E+00  2.564524E-01  2.564524E-01  0.000000E+00  2.564524E-01  2.564524E-01
  0.000000E+00  2.564524E-01  2.643455E-01  5.888610E-10  3.682986E-01  4.651624E-01
  5.153825E-01  4.350000E-01  3.608648E-01  3.225264E-01  2.934490E-01  2.687964E-01  2.708706E-01
  2.662145E-01  2.574402E-01  2.662145E-01  2.662145E-01  2.574402E-01  2.662145E-01  2.662145E-01
  2.574402E-01  2.662145E-01  2.796821E-01  3.056217E-01  3.822517E-01  4.720972E-01
  5.495939E-01  4.882503E-01  4.225627E-01  3.663668E-01  3.139855E-01  2.738132E-01  2.719458E-01
  2.662145E-01  2.564524E-01  2.662145E-01  2.662145E-01  2.564524E-01  2.662145E-01  2.662145E-01
  2.574402E-01  2.706881E-01  2.843561E-01  3.106434E-01  3.924373E-01  4.848585E-01
  5.874184E-01  5.289146E-01  4.664988E-01  4.010126E-01  3.282844E-01  0.000000E+00  2.622573E-01
  2.564524E-01  0.000000E+00  2.564524E-01  2.564524E-01  0.000000E+00  2.564524E-01  2.564524E-01
  0.000000E+00  2.708769E-01  2.871339E-01  0.000000E+00  4.029283E-01  5.016361E-01
  6.156762E-01  5.616445E-01  4.991572E-01  4.304741E-01  3.558321E-01  2.928863E-01  2.779183E-01
  2.662145E-01  2.564524E-01  2.662145E-01  2.662145E-01  2.564524E-01  2.662145E-01  2.706881E-01
  2.708769E-01  3.018214E-01  3.354904E-01  3.755071E-01  4.520913E-01  5.326437E-01
  6.392254E-01  5.882232E-01  5.283946E-01  4.556255E-01  3.748983E-01  3.058426E-01  2.897684E-01
  2.779183E-01  2.643455E-01  2.783392E-01  2.783392E-01  2.643455E-01  2.779183E-01  2.843233E-01
  2.871339E-01  3.354904E-01  3.937849E-01  4.504318E-01  5.106328E-01  5.730737E-01
  6.572878E-01  6.133351E-01  5.557376E-01  4.880573E-01  3.995639E-01  0.000000E+00  3.143747E-01
  3.054612E-01  5.888610E-10  3.000709E-01  3.000709E-01  5.888610E-10  3.056217E-01  3.106434E-01
  0.000000E+00  3.755071E-01  4.504318E-01  5.104505E-01  5.612602E-01  6.118188E-01
  6.735821E-01  6.343673E-01  5.903400E-01  5.333619E-01  4.657311E-01  4.085078E-01  3.969221E-01
  3.828046E-01  3.682986E-01  3.769238E-01  3.769238E-01  3.682986E-01  3.844878E-01  3.924373E-01
  4.029283E-01  4.520913E-01  5.106328E-01  5.612602E-01  6.106039E-01  6.447780E-01
